Params(1200, 30, 50, 0.15, 3, 3, 40)
gen 1
max: 253
avg: 65.36666666666666
best individu: [969877470, 54342237, 1881223224, 847403261, 1971694633, 1711190065, 776105627, 1562149072, 819453246, 616987976, 290532413, 739868688, 344360503, 2104219121, 27505665, 457716779, 44955036, 1277336031, 1805462907, 1852739407, 1930235867, 680232191, 1818280167, 1806879864, 1681778694, 1803816326, 2045247624, 1333862974, 507774811, 246136951, 653219382, 53366270, 656791352, 570899060, 1526211292, 1062975173, 439906977, 1752733257, 1856478436, 22551657, 574397570, 1821386335, 1118779950, 1804514420, 1466768990, 1346386350, 761900142, 32265889, 1289574473, 1037576640, 1200292726, 1889382733, 2068856794, 602945637, 1221287358, 851736373, 622419207, 1682106519, 1269088343, 924782317, 2121738684, 1813570882, 1781337069, 80300629, 293606798, 674645176, 544938022, 1293399902, 811344870, 606760009, 3575330319, 2089342438, 421999552, 690771077, 172006209]
gen 2
max: 253
avg: 175.13333333333333
best individu: [969877470, 54342237, 1881223224, 847403261, 1971694633, 1711190065, 776105627, 1562149072, 819453246, 616987976, 290532413, 739868688, 344360503, 2104219121, 27505665, 457716779, 44955036, 1277336031, 1805462907, 1852739407, 1930235867, 680232191, 1818280167, 1806879864, 1681778694, 1803816326, 2045247624, 1333862974, 507774811, 246136951, 653219382, 53366270, 656791352, 570899060, 1526211292, 1062975173, 439906977, 1752733257, 1856478436, 22551657, 574397570, 1821386335, 1118779950, 1804514420, 1466768990, 1346386350, 761900142, 32265889, 1289574473, 1037576640, 1200292726, 1889382733, 2068856794, 602945637, 1221287358, 851736373, 622419207, 1682106519, 1269088343, 924782317, 2121738684, 1813570882, 1781337069, 80300629, 293606798, 674645176, 544938022, 1293399902, 811344870, 606760009, 3575330319, 2089342438, 421999552, 690771077, 172006209]
gen 3
max: 253
avg: 245.73333333333332
best individu: [969877470, 54342237, 1881223224, 847403261, 1971694633, 1711190065, 776105627, 1562149072, 819453246, 616987976, 290532413, 739868688, 344360503, 2104219121, 27505665, 457716779, 44955036, 1277336031, 1805462907, 1852739407, 1930235867, 680232191, 1818280167, 1806879864, 1681778694, 1803816326, 2045247624, 1333862974, 507774811, 246136951, 653219382, 53366270, 656791352, 570899060, 1526211292, 1062975173, 439906977, 1752733257, 1856478436, 22551657, 574397570, 1821386335, 1118779950, 1804514420, 1466768990, 1346386350, 761900142, 32265889, 1289574473, 1037576640, 1200292726, 1889382733, 2068856794, 602945637, 1221287358, 851736373, 622419207, 1682106519, 1269088343, 924782317, 2121738684, 1813570882, 1781337069, 80300629, 293606798, 674645176, 544938022, 1293399902, 811344870, 606760009, 3575330319, 2089342438, 421999552, 690771077, 172006209]
gen 4
max: 258
avg: 248.13333333333333
best individu: [1999155868, 70682334, 126864106, 4091272860, 335606911, 67495340, 1879339434, 332515734, 1390242363, 825187855, 856416188, 21828257, 1709287467, 569442120, 1461967755, 967741124, 3200467921, 846863992, 891974445, 177239020, 64161422, 964292762, 207871778, 1433183611, 998222462, 1660573649, 1072181842, 193856604, 570765542, 1382895523, 1526280238, 1879089924, 445678121, 1705351699, 135345911, 1310798378, 1496900327, 3320927529, 862465308, 3136054381, 3873567224, 1892004740, 421069662, 1018128163, 2093132565, 92478151, 174790162, 2077540217, 1227215568, 2135234205, 602238708, 134667337, 434398728, 1213981431, 1125159669, 2017112388, 761961986, 961478023, 1454012052, 348702482, 585112042, 502705934, 1540333600, 1100367715, 43713402, 1601664030, 1347894490, 292494013, 611609094, 2025410658, 1990734887, 1376104465, 3690675392, 1538220521, 136776593]
gen 5
max: 258
avg: 251.9
best individu: [1999155868, 70682334, 126864106, 4091272860, 335606911, 67495340, 1879339434, 332515734, 1390242363, 825187855, 856416188, 21828257, 1709287467, 569442120, 1461967755, 967741124, 3200467921, 846863992, 891974445, 177239020, 64161422, 964292762, 207871778, 1433183611, 998222462, 1660573649, 1072181842, 193856604, 570765542, 1382895523, 1526280238, 1879089924, 445678121, 1705351699, 135345911, 1310798378, 1496900327, 3320927529, 862465308, 3136054381, 3873567224, 1892004740, 421069662, 1018128163, 2093132565, 92478151, 174790162, 2077540217, 1227215568, 2135234205, 602238708, 134667337, 434398728, 1213981431, 1125159669, 2017112388, 761961986, 961478023, 1454012052, 348702482, 585112042, 502705934, 1540333600, 1100367715, 43713402, 1601664030, 1347894490, 292494013, 611609094, 2025410658, 1990734887, 1376104465, 3690675392, 1538220521, 136776593]
gen 6
max: 262
avg: 256.2
best individu: [1998893724, 74876638, 126733034, 854515348, 339932253, 67495340, 537227945, 332449910, 1390242363, 825187855, 1930157948, 21893793, 1709287459, 66125384, 1461967503, 967741126, 1052984017, 981098104, 891958253, 244364270, 64161422, 972681370, 207871778, 1433183675, 998222462, 1660442577, 1072181842, 59642970, 570765542, 1365073831, 1526329390, 2015404804, 445678121, 1705351699, 135345399, 1310798378, 1496900327, 1160859937, 862530844, 3136054381, 3873567224, 1892004740, 421069694, 1018128163, 2093132693, 92478155, 178984466, 1540661113, 1294324432, 2135234205, 602238708, 139910217, 434398728, 1213981431, 1125159653, 2017112388, 761961986, 961478022, 1454012052, 1422450448, 853547498, 502705934, 2077205032, 1100629859, 43713322, 1534555310, 1347894490, 292494000, 611674630, 2025410659, 1990734887, 1376157713, 3757978244, 1554868715, 136776593]
gen 7
max: 269
avg: 259.93333333333334
best individu: [1978446556, 79070942, 126733026, 853991068, 339801181, 101049772, 1879339435, 332515446, 1390242363, 825187855, 1930157948, 21828257, 1709287459, 66125384, 1461967503, 967741125, 1052984017, 976936568, 973829100, 177239022, 64161422, 1035595930, 207871778, 1432659387, 998222462, 1659394037, 1072181842, 193860702, 570765542, 1393385383, 1526329390, 1411425028, 445645353, 1705351699, 135345399, 1310798378, 1496900327, 1169249569, 862530844, 3068191823, 3873567224, 1892004740, 429458286, 1018128163, 2094180757, 642980559, 1252726290, 1540669305, 1294324444, 2135234205, 602238708, 138861633, 434398728, 1214243575, 1125159909, 2017112388, 761961986, 961478023, 1185642140, 1422448400, 870324714, 432451086, 2077205032, 1100367459, 10158954, 1534555182, 1347894490, 292494000, 611609094, 2025397346, 1990734887, 1376157713, 3757715588, 1571646955, 136792977]
gen 8
max: 269
avg: 263.1333333333333
best individu: [1978446556, 79070942, 126733026, 853991068, 339801181, 101049772, 1879339435, 332515446, 1390242363, 825187855, 1930157948, 21828257, 1709287459, 66125384, 1461967503, 967741125, 1052984017, 976936568, 973829100, 177239022, 64161422, 1035595930, 207871778, 1432659387, 998222462, 1659394037, 1072181842, 193860702, 570765542, 1393385383, 1526329390, 1411425028, 445645353, 1705351699, 135345399, 1310798378, 1496900327, 1169249569, 862530844, 3068191823, 3873567224, 1892004740, 429458286, 1018128163, 2094180757, 642980559, 1252726290, 1540669305, 1294324444, 2135234205, 602238708, 138861633, 434398728, 1214243575, 1125159909, 2017112388, 761961986, 961478023, 1185642140, 1422448400, 870324714, 432451086, 2077205032, 1100367459, 10158954, 1534555182, 1347894490, 292494000, 611609094, 2025397346, 1990734887, 1376157713, 3757715588, 1571646955, 136792977]
gen 9
max: 270
avg: 264.6333333333333
best individu: [1999155868, 74876638, 93178602, 3001802396, 358626399, 69592492, 1879339434, 332466650, 1390242363, 825187855, 856416244, 21828257, 1692510243, 569442120, 1461965455, 967741126, 3200451281, 846859896, 956986221, 177239022, 30607246, 964292762, 208658210, 1433183675, 998222462, 1660475345, 1072181842, 193860698, 1107636454, 1382903715, 1526280238, 1476436740, 982520361, 1705351699, 135476983, 1310798378, 1496900327, 3321058593, 323562972, 3136054381, 3873567224, 1892004740, 421072750, 1017997091, 2093130645, 95623877, 178984466, 1540669305, 1227215568, 2068125341, 602238708, 138861641, 430204488, 1213981431, 1125159669, 3090848064, 761961986, 424607110, 1454012052, 1150078736, 48372202, 502440718, 1540333600, 1100375906, 3264939819, 1584919854, 1633097946, 425679028, 880044566, 2025396322, 1990734887, 1376616465, 3623566528, 1504536941, 137825169]
gen 10
max: 270
avg: 265.8
best individu: [1999155868, 74876638, 93178602, 3001802396, 358626399, 69592492, 1879339434, 332466650, 1390242363, 825187855, 856416244, 21828257, 1692510243, 569442120, 1461965455, 967741126, 3200451281, 846859896, 956986221, 177239022, 30607246, 964292762, 208658210, 1433183675, 998222462, 1660475345, 1072181842, 193860698, 1107636454, 1382903715, 1526280238, 1476436740, 982520361, 1705351699, 135476983, 1310798378, 1496900327, 3321058593, 323562972, 3136054381, 3873567224, 1892004740, 421072750, 1017997091, 2093130645, 95623877, 178984466, 1540669305, 1227215568, 2068125341, 602238708, 138861641, 430204488, 1213981431, 1125159669, 3090848064, 761961986, 424607110, 1454012052, 1150078736, 48372202, 502440718, 1540333600, 1100375906, 3264939819, 1584919854, 1633097946, 425679028, 880044566, 2025396322, 1990734887, 1376616465, 3623566528, 1504536941, 137825169]
gen 11
max: 271
avg: 267.03333333333336
best individu: [1999155860, 83281630, 126716650, 3001736844, 342160465, 67487148, 1879339434, 328321462, 1389193275, 825187855, 1930165756, 21828257, 1709287459, 569442120, 1466159759, 967745222, 3067298513, 846863992, 891954021, 445674476, 64161454, 946469018, 209125154, 1433183739, 998222462, 1643796177, 1072181842, 193855578, 814035174, 1367175079, 1521037358, 1476436740, 445678121, 1705416977, 403781367, 1310798378, 1496900311, 1072778531, 862530845, 183264813, 3873566968, 1892004740, 420547406, 1018128163, 2093132695, 92739783, 178984466, 1536475001, 1227215568, 2068125341, 602238708, 2285870924, 2581915136, 1213981431, 1125225206, 943372608, 761961986, 961478022, 1454012052, 1422708498, 853547498, 498511630, 2077204512, 1100367715, 1402667898, 1601664268, 1347918554, 424614576, 611609094, 1488523362, 1923626023, 1376231953, 3556445376, 1504666091, 137825169]
gen 12
max: 278
avg: 268.73333333333335
best individu: [1999155868, 83281630, 118344302, 3001802396, 342029405, 69592492, 1879339432, 332450178, 1390242363, 825187855, 1930157940, 21770913, 1709287523, 2716925896, 1466160015, 967741124, 3200467665, 846862968, 891974629, 177239022, 197905293, 964292762, 2355879714, 1433183675, 998222462, 1723529169, 1005072978, 193856602, 1644556390, 1382903719, 1525231662, 1543545604, 446202409, 631610896, 135476983, 1847669290, 1530458853, 3320927649, 325659932, 3136054373, 3873550840, 1892004740, 421078894, 1017997091, 2094197661, 92478151, 178984466, 1540661113, 1294324432, 2135234205, 602238708, 138860611, 430204424, 140501719, 1125159669, 2017106244, 2909445890, 961478022, 2126149268, 1418516240, 854333674, 964077582, 1005559912, 1167476595, 1083900714, 1601692718, 1901541578, 292491952, 611609094, 2092521826, 1990734887, 1376096273, 3690609856, 1575839467, 137841553]
gen 13
max: 278
avg: 270.93333333333334
best individu: [1999155868, 83281630, 118344302, 3001802396, 342029405, 69592492, 1879339432, 332450178, 1390242363, 825187855, 1930157940, 21770913, 1709287523, 2716925896, 1466160015, 967741124, 3200467665, 846862968, 891974629, 177239022, 197905293, 964292762, 2355879714, 1433183675, 998222462, 1723529169, 1005072978, 193856602, 1644556390, 1382903719, 1525231662, 1543545604, 446202409, 631610896, 135476983, 1847669290, 1530458853, 3320927649, 325659932, 3136054373, 3873550840, 1892004740, 421078894, 1017997091, 2094197661, 92478151, 178984466, 1540661113, 1294324432, 2135234205, 602238708, 138860611, 430204424, 140501719, 1125159669, 2017106244, 2909445890, 961478022, 2126149268, 1418516240, 854333674, 964077582, 1005559912, 1167476595, 1083900714, 1601692718, 1901541578, 292491952, 611609094, 2092521826, 1990734887, 1376096273, 3690609856, 1575839467, 137841553]
gen 14
max: 281
avg: 273.1666666666667
best individu: [2007544476, 209110750, 118344430, 4075478684, 339932255, 386476, 1879339434, 1368639654, 1390242363, 959405578, 1929633764, 2169246369, 1709287523, 569441864, 1461965711, 967741126, 3200467665, 846862968, 891966317, 177239022, 198382223, 997585562, 143872802, 1970053819, 460302926, 1739765717, 1072181842, 193921138, 570753190, 1399680943, 3669585966, 1342219012, 445694497, 631610129, 135358199, 1847669290, 1496896231, 3304281613, 862530844, 3135923301, 3840012788, 1894101892, 421072766, 749692707, 2094181271, 95623887, 170591762, 1268031289, 1294324416, 2135230095, 602238708, 138860619, 434398728, 1214235381, 2668663221, 4164589888, 761957890, 692911495, 1990878869, 1439227664, 853547498, 435596046, 2077204512, 1100380003, 26936106, 1584918831, 1381408474, 1366230650, 611609094, 3099155554, 1988637735, 3523551249, 3688512704, 1571774955, 171396017]
gen 15
max: 283
avg: 275.1666666666667
best individu: [2007806620, 205424350, 118311662, 3001736860, 339932255, 2214978734, 1912893866, 3553872118, 1138616891, 825187854, 1929633780, 21836449, 1709287523, 569704008, 1463014031, 967708358, 3200467665, 846880376, 3039523741, 238081002, 197333391, 175501850, 245587746, 1433182907, 997173838, 1727198165, 1072181842, 193333362, 838926438, 1382895527, 3672731694, 1342219012, 445678121, 1705353043, 135341815, 1847669290, 3643855590, 3316733217, 862465308, 3136058469, 3873567224, 1892004740, 421071742, 1017997091, 2093132191, 85138119, 170591762, 1268031161, 1294324688, 2134980239, 602238708, 138861635, 434398728, 1213981399, 1125159348, 2017107268, 2909445634, 692911495, 1555723925, 1422447904, 853563882, 435595790, 1542430752, 1100375907, 26936106, 1534588206, 1381381338, 292488892, 611609094, 951672166, 1990734887, 1376002065, 3690609860, 1605198315, 137841553]
gen 16
max: 287
avg: 278.8333333333333
best individu: [1999418012, 83281630, 97372906, 3001802396, 341881949, 606463404, 1879339434, 298879106, 1390239803, 833576463, 1930157556, 21838497, 1692510307, 569442248, 1466159759, 967741126, 2934686673, 846859632, 1026057061, 177239014, 164873100, 963702938, 206264066, 1433183675, 998222462, 1614477265, 795357778, 193859672, 1308917094, 1399680939, 3673763886, 1560322564, 446202409, 631611139, 135341815, 1310798378, 3677999815, 3354613025, 323562772, 3135792237, 3873518072, 2080748420, 421072750, 1017997091, 2093147037, 92412485, 178984466, 1540669305, 1231409872, 2135234205, 2749722356, 139385931, 434398728, 140502775, 319853301, 4163541328, 3983187714, 990838151, 1454012052, 1418518288, 853678570, 1039575822, 1542430816, 1100367731, 1117455146, 1597496622, 1901476042, 426709684, 611609110, 2025412962, 1990734887, 1376550929, 3757718724, 3656215919, 137841553]
gen 17
max: 288
avg: 280.1666666666667
best individu: [1999418012, 11962078, 126732902, 921427612, 409125981, 36038024, 1879077288, 868272550, 1389193787, 825187855, 1930158068, 21836449, 1977722919, 602971978, 1461973647, 967610053, 381764305, 846863992, 891958125, 4086330466, 163811982, 1027207834, 207871778, 359441851, 3044518586, 1744492529, 2137600594, 194908250, 2189496548, 1399680931, 451509294, 302031620, 445744681, 2779093331, 403781367, 1310798378, 1496380101, 3453047841, 2003381532, 1043096645, 3873567224, 1892266880, 957943660, 3962529571, 1287826327, 3850510031, 1244337682, 2614410105, 1829098224, 4282717853, 602762804, 138860619, 1509189224, 1213981399, 1125159669, 943363404, 1835605538, 944700821, 1991931540, 1422448400, 1119885802, 769044238, 2079173920, 1100367459, 274663218, 1534588414, 1381440714, 292495028, 612133382, 1014585442, 1990735079, 1929543697, 3757718720, 1487891947, 1211591569]
gen 18
max: 288
avg: 281.2
best individu: [1999418012, 11962078, 126732902, 921427612, 409125981, 36038024, 1879077288, 868272550, 1389193787, 825187855, 1930158068, 21836449, 1977722919, 602971978, 1461973647, 967610053, 381764305, 846863992, 891958125, 4086330466, 163811982, 1027207834, 207871778, 359441851, 3044518586, 1744492529, 2137600594, 194908250, 2189496548, 1399680931, 451509294, 302031620, 445744681, 2779093331, 403781367, 1310798378, 1496380101, 3453047841, 2003381532, 1043096645, 3873567224, 1892266880, 957943660, 3962529571, 1287826327, 3850510031, 1244337682, 2614410105, 1829098224, 4282717853, 602762804, 138860619, 1509189224, 1213981399, 1125159669, 943363404, 1835605538, 944700821, 1991931540, 1422448400, 1119885802, 769044238, 2079173920, 1100367459, 274663218, 1534588414, 1381440714, 292495028, 612133382, 1014585442, 1990735079, 1929543697, 3757718720, 1487891947, 1211591569]
gen 19
max: 288
avg: 282.6
best individu: [1999418012, 11962078, 126732902, 921427612, 409125981, 36038024, 1879077288, 868272550, 1389193787, 825187855, 1930158068, 21836449, 1977722919, 602971978, 1461973647, 967610053, 381764305, 846863992, 891958125, 4086330466, 163811982, 1027207834, 207871778, 359441851, 3044518586, 1744492529, 2137600594, 194908250, 2189496548, 1399680931, 451509294, 302031620, 445744681, 2779093331, 403781367, 1310798378, 1496380101, 3453047841, 2003381532, 1043096645, 3873567224, 1892266880, 957943660, 3962529571, 1287826327, 3850510031, 1244337682, 2614410105, 1829098224, 4282717853, 602762804, 138860619, 1509189224, 1213981399, 1125159669, 943363404, 1835605538, 944700821, 1991931540, 1422448400, 1119885802, 769044238, 2079173920, 1100367459, 274663218, 1534588414, 1381440714, 292495028, 612133382, 1014585442, 1990735079, 1929543697, 3757718720, 1487891947, 1211591569]
gen 20
max: 288
avg: 284.8666666666667
best individu: [1999418012, 11962078, 126732902, 921427612, 409125981, 36038024, 1879077288, 868272550, 1389193787, 825187855, 1930158068, 21836449, 1977722919, 602971978, 1461973647, 967610053, 381764305, 846863992, 891958125, 4086330466, 163811982, 1027207834, 207871778, 359441851, 3044518586, 1744492529, 2137600594, 194908250, 2189496548, 1399680931, 451509294, 302031620, 445744681, 2779093331, 403781367, 1310798378, 1496380101, 3453047841, 2003381532, 1043096645, 3873567224, 1892266880, 957943660, 3962529571, 1287826327, 3850510031, 1244337682, 2614410105, 1829098224, 4282717853, 602762804, 138860619, 1509189224, 1213981399, 1125159669, 943363404, 1835605538, 944700821, 1991931540, 1422448400, 1119885802, 769044238, 2079173920, 1100367459, 274663218, 1534588414, 1381440714, 292495028, 612133382, 1014585442, 1990735079, 1929543697, 3757718720, 1487891947, 1211591569]
gen 21
max: 288
avg: 285.6666666666667
best individu: [1999418012, 11962078, 126732902, 921427612, 409125981, 36038024, 1879077288, 868272550, 1389193787, 825187855, 1930158068, 21836449, 1977722919, 602971978, 1461973647, 967610053, 381764305, 846863992, 891958125, 4086330466, 163811982, 1027207834, 207871778, 359441851, 3044518586, 1744492529, 2137600594, 194908250, 2189496548, 1399680931, 451509294, 302031620, 445744681, 2779093331, 403781367, 1310798378, 1496380101, 3453047841, 2003381532, 1043096645, 3873567224, 1892266880, 957943660, 3962529571, 1287826327, 3850510031, 1244337682, 2614410105, 1829098224, 4282717853, 602762804, 138860619, 1509189224, 1213981399, 1125159669, 943363404, 1835605538, 944700821, 1991931540, 1422448400, 1119885802, 769044238, 2079173920, 1100367459, 274663218, 1534588414, 1381440714, 292495028, 612133382, 1014585442, 1990735079, 1929543697, 3757718720, 1487891947, 1211591569]
gen 22
max: 288
avg: 286.7
best individu: [1999418012, 11962078, 126732902, 921427612, 409125981, 36038024, 1879077288, 868272550, 1389193787, 825187855, 1930158068, 21836449, 1977722919, 602971978, 1461973647, 967610053, 381764305, 846863992, 891958125, 4086330466, 163811982, 1027207834, 207871778, 359441851, 3044518586, 1744492529, 2137600594, 194908250, 2189496548, 1399680931, 451509294, 302031620, 445744681, 2779093331, 403781367, 1310798378, 1496380101, 3453047841, 2003381532, 1043096645, 3873567224, 1892266880, 957943660, 3962529571, 1287826327, 3850510031, 1244337682, 2614410105, 1829098224, 4282717853, 602762804, 138860619, 1509189224, 1213981399, 1125159669, 943363404, 1835605538, 944700821, 1991931540, 1422448400, 1119885802, 769044238, 2079173920, 1100367459, 274663218, 1534588414, 1381440714, 292495028, 612133382, 1014585442, 1990735079, 1929543697, 3757718720, 1487891947, 1211591569]
