Params(1200, 50, 20, 0.75, 3, 3, 40)
gen 1
max: 259
avg: 32.2
best individu: [825224447, 1514939985, 926259173, 1424139868, 1447018979, 372687727, 399755663, 1243856481, 1767154024, 2014412720, 822188700, 1507503202, 951224151, 1357624190, 164007414, 1408794208, 1215565549, 1308770965, 849170411, 1979337400, 656472588, 667476341, 349566358, 991090691, 460710476, 827321556, 476347513, 733893728, 1617461912, 2054960560, 2080061955, 240515733, 631840267, 1582971421, 1482716424, 951764426, 1310608119, 1929485612, 362994000, 1614383516, 429638058, 822875147, 1434617595, 1594411132, 1680739397, 1092761791, 1936871260, 408175340, 721555424, 539652943, 443675983, 817697618, 1251187938, 2105267507, 1520922312, 1396211174, 1047828037, 1417303502, 1688450500, 1893778968, 3095059, 45150901, 1245491498, 1422715950, 1012852315, 1251648936, 2013339563, 1425799011, 1096298629, 543687636, 449850636, 933296456, 245640605, 1200204470, 502501137]
gen 2
max: 259
avg: 35.14
best individu: [825224447, 1514939985, 926259173, 1424139868, 1447018979, 372687727, 399755663, 1243856481, 1767154024, 2014412720, 822188700, 1507503202, 951224151, 1357624190, 164007414, 1408794208, 1215565549, 1308770965, 849170411, 1979337400, 656472588, 667476341, 349566358, 991090691, 460710476, 827321556, 476347513, 733893728, 1617461912, 2054960560, 2080061955, 240515733, 631840267, 1582971421, 1482716424, 951764426, 1310608119, 1929485612, 362994000, 1614383516, 429638058, 822875147, 1434617595, 1594411132, 1680739397, 1092761791, 1936871260, 408175340, 721555424, 539652943, 443675983, 817697618, 1251187938, 2105267507, 1520922312, 1396211174, 1047828037, 1417303502, 1688450500, 1893778968, 3095059, 45150901, 1245491498, 1422715950, 1012852315, 1251648936, 2013339563, 1425799011, 1096298629, 543687636, 449850636, 933296456, 245640605, 1200204470, 502501137]
gen 3
max: 259
avg: 41.32
best individu: [825224447, 1514939985, 926259173, 1424139868, 1447018979, 372687727, 399755663, 1243856481, 1767154024, 2014412720, 822188700, 1507503202, 951224151, 1357624190, 164007414, 1408794208, 1215565549, 1308770965, 849170411, 1979337400, 656472588, 667476341, 349566358, 991090691, 460710476, 827321556, 476347513, 733893728, 1617461912, 2054960560, 2080061955, 240515733, 631840267, 1582971421, 1482716424, 951764426, 1310608119, 1929485612, 362994000, 1614383516, 429638058, 822875147, 1434617595, 1594411132, 1680739397, 1092761791, 1936871260, 408175340, 721555424, 539652943, 443675983, 817697618, 1251187938, 2105267507, 1520922312, 1396211174, 1047828037, 1417303502, 1688450500, 1893778968, 3095059, 45150901, 1245491498, 1422715950, 1012852315, 1251648936, 2013339563, 1425799011, 1096298629, 543687636, 449850636, 933296456, 245640605, 1200204470, 502501137]
gen 4
max: 259
avg: 47.44
best individu: [825224447, 1514939985, 926259173, 1424139868, 1447018979, 372687727, 399755663, 1243856481, 1767154024, 2014412720, 822188700, 1507503202, 951224151, 1357624190, 164007414, 1408794208, 1215565549, 1308770965, 849170411, 1979337400, 656472588, 667476341, 349566358, 991090691, 460710476, 827321556, 476347513, 733893728, 1617461912, 2054960560, 2080061955, 240515733, 631840267, 1582971421, 1482716424, 951764426, 1310608119, 1929485612, 362994000, 1614383516, 429638058, 822875147, 1434617595, 1594411132, 1680739397, 1092761791, 1936871260, 408175340, 721555424, 539652943, 443675983, 817697618, 1251187938, 2105267507, 1520922312, 1396211174, 1047828037, 1417303502, 1688450500, 1893778968, 3095059, 45150901, 1245491498, 1422715950, 1012852315, 1251648936, 2013339563, 1425799011, 1096298629, 543687636, 449850636, 933296456, 245640605, 1200204470, 502501137]
gen 5
max: 259
avg: 61.58
best individu: [825224447, 1514939985, 926259173, 1424139868, 1447018979, 372687727, 399755663, 1243856481, 1767154024, 2014412720, 822188700, 1507503202, 951224151, 1357624190, 164007414, 1408794208, 1215565549, 1308770965, 849170411, 1979337400, 656472588, 667476341, 349566358, 991090691, 460710476, 827321556, 476347513, 733893728, 1617461912, 2054960560, 2080061955, 240515733, 631840267, 1582971421, 1482716424, 951764426, 1310608119, 1929485612, 362994000, 1614383516, 429638058, 822875147, 1434617595, 1594411132, 1680739397, 1092761791, 1936871260, 408175340, 721555424, 539652943, 443675983, 817697618, 1251187938, 2105267507, 1520922312, 1396211174, 1047828037, 1417303502, 1688450500, 1893778968, 3095059, 45150901, 1245491498, 1422715950, 1012852315, 1251648936, 2013339563, 1425799011, 1096298629, 543687636, 449850636, 933296456, 245640605, 1200204470, 502501137]
gen 6
max: 259
avg: 66.38
best individu: [825224447, 1514939985, 926259173, 1424139868, 1447018979, 372687727, 399755663, 1243856481, 1767154024, 2014412720, 822188700, 1507503202, 951224151, 1357624190, 164007414, 1408794208, 1215565549, 1308770965, 849170411, 1979337400, 656472588, 667476341, 349566358, 991090691, 460710476, 827321556, 476347513, 733893728, 1617461912, 2054960560, 2080061955, 240515733, 631840267, 1582971421, 1482716424, 951764426, 1310608119, 1929485612, 362994000, 1614383516, 429638058, 822875147, 1434617595, 1594411132, 1680739397, 1092761791, 1936871260, 408175340, 721555424, 539652943, 443675983, 817697618, 1251187938, 2105267507, 1520922312, 1396211174, 1047828037, 1417303502, 1688450500, 1893778968, 3095059, 45150901, 1245491498, 1422715950, 1012852315, 1251648936, 2013339563, 1425799011, 1096298629, 543687636, 449850636, 933296456, 245640605, 1200204470, 502501137]
gen 7
max: 259
avg: 66.86
best individu: [825224447, 1514939985, 926259173, 1424139868, 1447018979, 372687727, 399755663, 1243856481, 1767154024, 2014412720, 822188700, 1507503202, 951224151, 1357624190, 164007414, 1408794208, 1215565549, 1308770965, 849170411, 1979337400, 656472588, 667476341, 349566358, 991090691, 460710476, 827321556, 476347513, 733893728, 1617461912, 2054960560, 2080061955, 240515733, 631840267, 1582971421, 1482716424, 951764426, 1310608119, 1929485612, 362994000, 1614383516, 429638058, 822875147, 1434617595, 1594411132, 1680739397, 1092761791, 1936871260, 408175340, 721555424, 539652943, 443675983, 817697618, 1251187938, 2105267507, 1520922312, 1396211174, 1047828037, 1417303502, 1688450500, 1893778968, 3095059, 45150901, 1245491498, 1422715950, 1012852315, 1251648936, 2013339563, 1425799011, 1096298629, 543687636, 449850636, 933296456, 245640605, 1200204470, 502501137]
gen 8
max: 259
avg: 67.14
best individu: [825224447, 1514939985, 926259173, 1424139868, 1447018979, 372687727, 399755663, 1243856481, 1767154024, 2014412720, 822188700, 1507503202, 951224151, 1357624190, 164007414, 1408794208, 1215565549, 1308770965, 849170411, 1979337400, 656472588, 667476341, 349566358, 991090691, 460710476, 827321556, 476347513, 733893728, 1617461912, 2054960560, 2080061955, 240515733, 631840267, 1582971421, 1482716424, 951764426, 1310608119, 1929485612, 362994000, 1614383516, 429638058, 822875147, 1434617595, 1594411132, 1680739397, 1092761791, 1936871260, 408175340, 721555424, 539652943, 443675983, 817697618, 1251187938, 2105267507, 1520922312, 1396211174, 1047828037, 1417303502, 1688450500, 1893778968, 3095059, 45150901, 1245491498, 1422715950, 1012852315, 1251648936, 2013339563, 1425799011, 1096298629, 543687636, 449850636, 933296456, 245640605, 1200204470, 502501137]
