Params(1200, 30, 10, 0.05, 3, 3, 40)
gen 1
max: 50
avg: 30.066666666666666
best individu: [1807040614, 536905100, 1616775850, 68873533, 1803080452, 307968317, 151690904, 59648194, 186244861, 316822567, 293422671, 512013125, 596401522, 920597970, 1467856767, 2070328557, 1569553930, 1176152166, 1252342117, 840078097, 1681910194, 1322773286, 575166074, 1438325672, 511091450, 587504551, 1835895431, 550014267, 1369329918, 1387532444, 2108105174, 1372578659, 793082675, 1109393545, 674825593, 965889199, 31020998, 954834757, 1181543328, 317032643, 1853370746, 489132754, 1877135149, 585765303, 1583219489, 77343041, 2050648830, 1452260845, 1358207014, 1525872383, 781254959, 1346163600, 613352255, 1160742306, 2103509822, 469375854, 1462895162, 1015513382, 412652437, 859238142, 228247616, 1397289957, 907547273, 317571695, 1398810585, 530748337, 106151648, 235501907, 386021274, 1454581255, 1500147512, 451185039, 867649675, 998253399, 2087629436]
gen 2
max: 50
avg: 31.966666666666665
best individu: [1807040614, 536905100, 1616775850, 68873533, 1803080452, 307968317, 151690904, 59648194, 186244861, 316822567, 293422671, 512013125, 596401522, 920597970, 1467856767, 2070328557, 1569553930, 1176152166, 1252342117, 840078097, 1681910194, 1322773286, 575166074, 1438325672, 511091450, 587504551, 1835895431, 550014267, 1369329918, 1387532444, 2108105174, 1372578659, 793082675, 1109393545, 674825593, 965889199, 31020998, 954834757, 1181543328, 317032643, 1853370746, 489132754, 1877135149, 585765303, 1583219489, 77343041, 2050648830, 1452260845, 1358207014, 1525872383, 781254959, 1346163600, 613352255, 1160742306, 2103509822, 469375854, 1462895162, 1015513382, 412652437, 859238142, 228247616, 1397289957, 907547273, 317571695, 1398810585, 530748337, 106151648, 235501907, 386021274, 1454581255, 1500147512, 451185039, 867649675, 998253399, 2087629436]
gen 3
max: 50
avg: 34.233333333333334
best individu: [1807040614, 536905100, 1616775850, 68873533, 1803080452, 307968317, 151690904, 59648194, 186244861, 316822567, 293422671, 512013125, 596401522, 920597970, 1467856767, 2070328557, 1569553930, 1176152166, 1252342117, 840078097, 1681910194, 1322773286, 575166074, 1438325672, 511091450, 587504551, 1835895431, 550014267, 1369329918, 1387532444, 2108105174, 1372578659, 793082675, 1109393545, 674825593, 965889199, 31020998, 954834757, 1181543328, 317032643, 1853370746, 489132754, 1877135149, 585765303, 1583219489, 77343041, 2050648830, 1452260845, 1358207014, 1525872383, 781254959, 1346163600, 613352255, 1160742306, 2103509822, 469375854, 1462895162, 1015513382, 412652437, 859238142, 228247616, 1397289957, 907547273, 317571695, 1398810585, 530748337, 106151648, 235501907, 386021274, 1454581255, 1500147512, 451185039, 867649675, 998253399, 2087629436]
gen 4
max: 50
avg: 37.06666666666667
best individu: [1807040614, 536905100, 1616775850, 68873533, 1803080452, 307968317, 151690904, 59648194, 186244861, 316822567, 293422671, 512013125, 596401522, 920597970, 1467856767, 2070328557, 1569553930, 1176152166, 1252342117, 840078097, 1681910194, 1322773286, 575166074, 1438325672, 511091450, 587504551, 1835895431, 550014267, 1369329918, 1387532444, 2108105174, 1372578659, 793082675, 1109393545, 674825593, 965889199, 31020998, 954834757, 1181543328, 317032643, 1853370746, 489132754, 1877135149, 585765303, 1583219489, 77343041, 2050648830, 1452260845, 1358207014, 1525872383, 781254959, 1346163600, 613352255, 1160742306, 2103509822, 469375854, 1462895162, 1015513382, 412652437, 859238142, 228247616, 1397289957, 907547273, 317571695, 1398810585, 530748337, 106151648, 235501907, 386021274, 1454581255, 1500147512, 451185039, 867649675, 998253399, 2087629436]
gen 5
max: 50
avg: 37.333333333333336
best individu: [1807040614, 536905100, 1616775850, 68873533, 1803080452, 307968317, 151690904, 59648194, 186244861, 316822567, 293422671, 512013125, 596401522, 920597970, 1467856767, 2070328557, 1569553930, 1176152166, 1252342117, 840078097, 1681910194, 1322773286, 575166074, 1438325672, 511091450, 587504551, 1835895431, 550014267, 1369329918, 1387532444, 2108105174, 1372578659, 793082675, 1109393545, 674825593, 965889199, 31020998, 954834757, 1181543328, 317032643, 1853370746, 489132754, 1877135149, 585765303, 1583219489, 77343041, 2050648830, 1452260845, 1358207014, 1525872383, 781254959, 1346163600, 613352255, 1160742306, 2103509822, 469375854, 1462895162, 1015513382, 412652437, 859238142, 228247616, 1397289957, 907547273, 317571695, 1398810585, 530748337, 106151648, 235501907, 386021274, 1454581255, 1500147512, 451185039, 867649675, 998253399, 2087629436]
gen 6
max: 50
avg: 37.93333333333333
best individu: [1807040614, 536905100, 1616775850, 68873533, 1803080452, 307968317, 151690904, 59648194, 186244861, 316822567, 293422671, 512013125, 596401522, 920597970, 1467856767, 2070328557, 1569553930, 1176152166, 1252342117, 840078097, 1681910194, 1322773286, 575166074, 1438325672, 511091450, 587504551, 1835895431, 550014267, 1369329918, 1387532444, 2108105174, 1372578659, 793082675, 1109393545, 674825593, 965889199, 31020998, 954834757, 1181543328, 317032643, 1853370746, 489132754, 1877135149, 585765303, 1583219489, 77343041, 2050648830, 1452260845, 1358207014, 1525872383, 781254959, 1346163600, 613352255, 1160742306, 2103509822, 469375854, 1462895162, 1015513382, 412652437, 859238142, 228247616, 1397289957, 907547273, 317571695, 1398810585, 530748337, 106151648, 235501907, 386021274, 1454581255, 1500147512, 451185039, 867649675, 998253399, 2087629436]
