Params(1200, 30, 20, 0.75, 3, 3, 40)
gen 1
max: 237
avg: 47.3
best individu: [1353263383, 1341015095, 1321254971, 2851488287, 49032233, 324317806, 92967037, 1364695931, 2008659914, 1915755625, 3993529701, 541381125, 2655646160, 1817663322, 4227702529, 528708817, 1524900802, 3144739971, 2495940890, 2601070253, 2715283128, 3416755221, 1334998414, 2913225936, 273279433, 915143049, 1548911425, 3832747813, 243466379, 843801439, 2350522224, 4064094840, 1582177609, 449773444, 3629304534, 643397622, 392345037, 64947981, 284331163, 1857977140, 546216458, 3645977504, 1236179856, 380643200, 1010064502, 1409431966, 1457535761, 3505060778, 1511114485, 4011497795, 33322787, 1169430607, 2368869415, 1447697908, 2032612510, 114812146, 1051925092, 2270466907, 2724420732, 3146817858, 3181957977, 367955615, 1852391313, 672057964, 455936149, 1091855705, 3365764130, 2085578815, 571264820, 2865728814, 2101872554, 283302302, 579636388, 2078391425, 1261981794]
gen 2
max: 237
avg: 57.43333333333333
best individu: [1353263383, 1341015095, 1321254971, 2851488287, 49032233, 324317806, 92967037, 1364695931, 2008659914, 1915755625, 3993529701, 541381125, 2655646160, 1817663322, 4227702529, 528708817, 1524900802, 3144739971, 2495940890, 2601070253, 2715283128, 3416755221, 1334998414, 2913225936, 273279433, 915143049, 1548911425, 3832747813, 243466379, 843801439, 2350522224, 4064094840, 1582177609, 449773444, 3629304534, 643397622, 392345037, 64947981, 284331163, 1857977140, 546216458, 3645977504, 1236179856, 380643200, 1010064502, 1409431966, 1457535761, 3505060778, 1511114485, 4011497795, 33322787, 1169430607, 2368869415, 1447697908, 2032612510, 114812146, 1051925092, 2270466907, 2724420732, 3146817858, 3181957977, 367955615, 1852391313, 672057964, 455936149, 1091855705, 3365764130, 2085578815, 571264820, 2865728814, 2101872554, 283302302, 579636388, 2078391425, 1261981794]
gen 3
max: 240
avg: 73.93333333333334
best individu: [268590854, 1616379676, 188887211, 2916603039, 948008716, 868692826, 3260733714, 1377247673, 2133431763, 1912741477, 3658047817, 665151325, 2462822239, 743630930, 568050948, 327642093, 1971422380, 3010521003, 3496091449, 2047888063, 2747661600, 2258578765, 3666550172, 2613711323, 31047345, 912669205, 2456435232, 4128461856, 129512523, 640269092, 3290318113, 4214669882, 1513673825, 1489906538, 3059062421, 3854706432, 3202852311, 2267169968, 248446042, 1858042812, 421904905, 3713133856, 1396741070, 2182613305, 1149910775, 1829314458, 1319418753, 4035673516, 1631028161, 3079314883, 1877727661, 864264321, 1227347080, 1451522507, 1617568827, 4069041633, 555830205, 2409501554, 2863695893, 2273618155, 3355080210, 686471818, 791232153, 630591427, 2344591441, 229816526, 3392489866, 2095996987, 572297012, 2325974314, 755658698, 4051621276, 3266412622, 1780533223, 1685805616]
gen 4
max: 240
avg: 88.0
best individu: [268590854, 1616379676, 188887211, 2916603039, 948008716, 868692826, 3260733714, 1377247673, 2133431763, 1912741477, 3658047817, 665151325, 2462822239, 743630930, 568050948, 327642093, 1971422380, 3010521003, 3496091449, 2047888063, 2747661600, 2258578765, 3666550172, 2613711323, 31047345, 912669205, 2456435232, 4128461856, 129512523, 640269092, 3290318113, 4214669882, 1513673825, 1489906538, 3059062421, 3854706432, 3202852311, 2267169968, 248446042, 1858042812, 421904905, 3713133856, 1396741070, 2182613305, 1149910775, 1829314458, 1319418753, 4035673516, 1631028161, 3079314883, 1877727661, 864264321, 1227347080, 1451522507, 1617568827, 4069041633, 555830205, 2409501554, 2863695893, 2273618155, 3355080210, 686471818, 791232153, 630591427, 2344591441, 229816526, 3392489866, 2095996987, 572297012, 2325974314, 755658698, 4051621276, 3266412622, 1780533223, 1685805616]
gen 5
max: 240
avg: 102.43333333333334
best individu: [268590854, 1616379676, 188887211, 2916603039, 948008716, 868692826, 3260733714, 1377247673, 2133431763, 1912741477, 3658047817, 665151325, 2462822239, 743630930, 568050948, 327642093, 1971422380, 3010521003, 3496091449, 2047888063, 2747661600, 2258578765, 3666550172, 2613711323, 31047345, 912669205, 2456435232, 4128461856, 129512523, 640269092, 3290318113, 4214669882, 1513673825, 1489906538, 3059062421, 3854706432, 3202852311, 2267169968, 248446042, 1858042812, 421904905, 3713133856, 1396741070, 2182613305, 1149910775, 1829314458, 1319418753, 4035673516, 1631028161, 3079314883, 1877727661, 864264321, 1227347080, 1451522507, 1617568827, 4069041633, 555830205, 2409501554, 2863695893, 2273618155, 3355080210, 686471818, 791232153, 630591427, 2344591441, 229816526, 3392489866, 2095996987, 572297012, 2325974314, 755658698, 4051621276, 3266412622, 1780533223, 1685805616]
gen 6
max: 240
avg: 103.1
best individu: [268590854, 1616379676, 188887211, 2916603039, 948008716, 868692826, 3260733714, 1377247673, 2133431763, 1912741477, 3658047817, 665151325, 2462822239, 743630930, 568050948, 327642093, 1971422380, 3010521003, 3496091449, 2047888063, 2747661600, 2258578765, 3666550172, 2613711323, 31047345, 912669205, 2456435232, 4128461856, 129512523, 640269092, 3290318113, 4214669882, 1513673825, 1489906538, 3059062421, 3854706432, 3202852311, 2267169968, 248446042, 1858042812, 421904905, 3713133856, 1396741070, 2182613305, 1149910775, 1829314458, 1319418753, 4035673516, 1631028161, 3079314883, 1877727661, 864264321, 1227347080, 1451522507, 1617568827, 4069041633, 555830205, 2409501554, 2863695893, 2273618155, 3355080210, 686471818, 791232153, 630591427, 2344591441, 229816526, 3392489866, 2095996987, 572297012, 2325974314, 755658698, 4051621276, 3266412622, 1780533223, 1685805616]
gen 7
max: 240
avg: 103.1
best individu: [268590854, 1616379676, 188887211, 2916603039, 948008716, 868692826, 3260733714, 1377247673, 2133431763, 1912741477, 3658047817, 665151325, 2462822239, 743630930, 568050948, 327642093, 1971422380, 3010521003, 3496091449, 2047888063, 2747661600, 2258578765, 3666550172, 2613711323, 31047345, 912669205, 2456435232, 4128461856, 129512523, 640269092, 3290318113, 4214669882, 1513673825, 1489906538, 3059062421, 3854706432, 3202852311, 2267169968, 248446042, 1858042812, 421904905, 3713133856, 1396741070, 2182613305, 1149910775, 1829314458, 1319418753, 4035673516, 1631028161, 3079314883, 1877727661, 864264321, 1227347080, 1451522507, 1617568827, 4069041633, 555830205, 2409501554, 2863695893, 2273618155, 3355080210, 686471818, 791232153, 630591427, 2344591441, 229816526, 3392489866, 2095996987, 572297012, 2325974314, 755658698, 4051621276, 3266412622, 1780533223, 1685805616]
