Params(1200, 30, 10, 0.15, 5, 3, 40)
gen 1
max: 242
avg: 33.36666666666667
best individu: [2128423314, 1233693577, 1461735791, 1372898457, 2071234990, 1882785793, 1446878518, 9190462, 498926170, 1523932820, 145030592, 1369809089, 675123973, 1927093239, 1513933594, 571474423, 955510953, 1621109003, 156154790, 1586219664, 1945590998, 1646111928, 179189643, 1614953092, 1703542926, 480866187, 1160587344, 1521019319, 170379581, 1459152648, 1147818393, 151170251, 1256674490, 90042209, 881284330, 1624348721, 596925530, 1669373442, 370658608, 1537828364, 1868083414, 1457629574, 359487978, 2021398410, 227288424, 987889103, 856091681, 1990304020, 1504646475, 2074360705, 75940937, 606517948, 690865089, 2003103076, 773019584, 523729133, 827505012, 596851588, 1238607124, 850916124, 869657811, 1180537638, 822372211, 1852934201, 1509946917, 575151612, 1281674994, 1051624576, 753780455, 379754833, 326634005, 1384358967, 994993473, 971638402, 336850720]
gen 2
max: 242
avg: 43.4
best individu: [2128423314, 1233693577, 1461735791, 1372898457, 2071234990, 1882785793, 1446878518, 9190462, 498926170, 1523932820, 145030592, 1369809089, 675123973, 1927093239, 1513933594, 571474423, 955510953, 1621109003, 156154790, 1586219664, 1945590998, 1646111928, 179189643, 1614953092, 1703542926, 480866187, 1160587344, 1521019319, 170379581, 1459152648, 1147818393, 151170251, 1256674490, 90042209, 881284330, 1624348721, 596925530, 1669373442, 370658608, 1537828364, 1868083414, 1457629574, 359487978, 2021398410, 227288424, 987889103, 856091681, 1990304020, 1504646475, 2074360705, 75940937, 606517948, 690865089, 2003103076, 773019584, 523729133, 827505012, 596851588, 1238607124, 850916124, 869657811, 1180537638, 822372211, 1852934201, 1509946917, 575151612, 1281674994, 1051624576, 753780455, 379754833, 326634005, 1384358967, 994993473, 971638402, 336850720]
gen 3
max: 242
avg: 45.3
best individu: [2128423314, 1233693577, 1461735791, 1372898457, 2071234990, 1882785793, 1446878518, 9190462, 498926170, 1523932820, 145030592, 1369809089, 675123973, 1927093239, 1513933594, 571474423, 955510953, 1621109003, 156154790, 1586219664, 1945590998, 1646111928, 179189643, 1614953092, 1703542926, 480866187, 1160587344, 1521019319, 170379581, 1459152648, 1147818393, 151170251, 1256674490, 90042209, 881284330, 1624348721, 596925530, 1669373442, 370658608, 1537828364, 1868083414, 1457629574, 359487978, 2021398410, 227288424, 987889103, 856091681, 1990304020, 1504646475, 2074360705, 75940937, 606517948, 690865089, 2003103076, 773019584, 523729133, 827505012, 596851588, 1238607124, 850916124, 869657811, 1180537638, 822372211, 1852934201, 1509946917, 575151612, 1281674994, 1051624576, 753780455, 379754833, 326634005, 1384358967, 994993473, 971638402, 336850720]
gen 4
max: 257
avg: 102.8
best individu: [2128423314, 159951753, 1461735791, 1372898457, 2071234990, 1882785793, 1446878518, 2159557694, 498926170, 1523929732, 145030592, 1369809089, 675123973, 1927093239, 1513933594, 571474423, 955510953, 1621109003, 156154790, 1586219664, 1945590997, 1612558010, 179189643, 1614953092, 1703542926, 480866187, 1177397328, 1521019319, 170380285, 1459152648, 1147818393, 700624079, 1256674490, 2304634721, 881284330, 1624348720, 60055386, 1669373442, 370658608, 1537828364, 1868083414, 1457629574, 359487978, 2021398410, 227288424, 987889103, 856091681, 1990304037, 1504646475, 2074360705, 75940936, 606517948, 690865089, 2003103076, 773019584, 523729133, 827505012, 596851588, 1238607124, 850817823, 869657811, 1180537638, 855729267, 1852934201, 1509946917, 575200756, 1281674994, 1051624576, 753780455, 379755857, 326634005, 1384358967, 994993473, 971638402, 336850720]
gen 5
max: 257
avg: 152.1
best individu: [2128423314, 159951753, 1461735791, 1372898457, 2071234990, 1882785793, 1446878518, 2159557694, 498926170, 1523929732, 145030592, 1369809089, 675123973, 1927093239, 1513933594, 571474423, 955510953, 1621109003, 156154790, 1586219664, 1945590997, 1612558010, 179189643, 1614953092, 1703542926, 480866187, 1177397328, 1521019319, 170380285, 1459152648, 1147818393, 700624079, 1256674490, 2304634721, 881284330, 1624348720, 60055386, 1669373442, 370658608, 1537828364, 1868083414, 1457629574, 359487978, 2021398410, 227288424, 987889103, 856091681, 1990304037, 1504646475, 2074360705, 75940936, 606517948, 690865089, 2003103076, 773019584, 523729133, 827505012, 596851588, 1238607124, 850817823, 869657811, 1180537638, 855729267, 1852934201, 1509946917, 575200756, 1281674994, 1051624576, 753780455, 379755857, 326634005, 1384358967, 994993473, 971638402, 336850720]
gen 6
max: 257
avg: 227.36666666666667
best individu: [2128423314, 159951753, 1461735791, 1372898457, 2071234990, 1882785793, 1446878518, 2159557694, 498926170, 1523929732, 145030592, 1369809089, 675123973, 1927093239, 1513933594, 571474423, 955510953, 1621109003, 156154790, 1586219664, 1945590997, 1612558010, 179189643, 1614953092, 1703542926, 480866187, 1177397328, 1521019319, 170380285, 1459152648, 1147818393, 700624079, 1256674490, 2304634721, 881284330, 1624348720, 60055386, 1669373442, 370658608, 1537828364, 1868083414, 1457629574, 359487978, 2021398410, 227288424, 987889103, 856091681, 1990304037, 1504646475, 2074360705, 75940936, 606517948, 690865089, 2003103076, 773019584, 523729133, 827505012, 596851588, 1238607124, 850817823, 869657811, 1180537638, 855729267, 1852934201, 1509946917, 575200756, 1281674994, 1051624576, 753780455, 379755857, 326634005, 1384358967, 994993473, 971638402, 336850720]
gen 7
max: 257
avg: 241.66666666666666
best individu: [2128423314, 159951753, 1461735791, 1372898457, 2071234990, 1882785793, 1446878518, 2159557694, 498926170, 1523929732, 145030592, 1369809089, 675123973, 1927093239, 1513933594, 571474423, 955510953, 1621109003, 156154790, 1586219664, 1945590997, 1612558010, 179189643, 1614953092, 1703542926, 480866187, 1177397328, 1521019319, 170380285, 1459152648, 1147818393, 700624079, 1256674490, 2304634721, 881284330, 1624348720, 60055386, 1669373442, 370658608, 1537828364, 1868083414, 1457629574, 359487978, 2021398410, 227288424, 987889103, 856091681, 1990304037, 1504646475, 2074360705, 75940936, 606517948, 690865089, 2003103076, 773019584, 523729133, 827505012, 596851588, 1238607124, 850817823, 869657811, 1180537638, 855729267, 1852934201, 1509946917, 575200756, 1281674994, 1051624576, 753780455, 379755857, 326634005, 1384358967, 994993473, 971638402, 336850720]
gen 8
max: 257
avg: 243.06666666666666
best individu: [2128423314, 159951753, 1461735791, 1372898457, 2071234990, 1882785793, 1446878518, 2159557694, 498926170, 1523929732, 145030592, 1369809089, 675123973, 1927093239, 1513933594, 571474423, 955510953, 1621109003, 156154790, 1586219664, 1945590997, 1612558010, 179189643, 1614953092, 1703542926, 480866187, 1177397328, 1521019319, 170380285, 1459152648, 1147818393, 700624079, 1256674490, 2304634721, 881284330, 1624348720, 60055386, 1669373442, 370658608, 1537828364, 1868083414, 1457629574, 359487978, 2021398410, 227288424, 987889103, 856091681, 1990304037, 1504646475, 2074360705, 75940936, 606517948, 690865089, 2003103076, 773019584, 523729133, 827505012, 596851588, 1238607124, 850817823, 869657811, 1180537638, 855729267, 1852934201, 1509946917, 575200756, 1281674994, 1051624576, 753780455, 379755857, 326634005, 1384358967, 994993473, 971638402, 336850720]
gen 9
max: 257
avg: 244.63333333333333
best individu: [2128423314, 159951753, 1461735791, 1372898457, 2071234990, 1882785793, 1446878518, 2159557694, 498926170, 1523929732, 145030592, 1369809089, 675123973, 1927093239, 1513933594, 571474423, 955510953, 1621109003, 156154790, 1586219664, 1945590997, 1612558010, 179189643, 1614953092, 1703542926, 480866187, 1177397328, 1521019319, 170380285, 1459152648, 1147818393, 700624079, 1256674490, 2304634721, 881284330, 1624348720, 60055386, 1669373442, 370658608, 1537828364, 1868083414, 1457629574, 359487978, 2021398410, 227288424, 987889103, 856091681, 1990304037, 1504646475, 2074360705, 75940936, 606517948, 690865089, 2003103076, 773019584, 523729133, 827505012, 596851588, 1238607124, 850817823, 869657811, 1180537638, 855729267, 1852934201, 1509946917, 575200756, 1281674994, 1051624576, 753780455, 379755857, 326634005, 1384358967, 994993473, 971638402, 336850720]
gen 10
max: 257
avg: 245.36666666666667
best individu: [2128423314, 159951753, 1461735791, 1372898457, 2071234990, 1882785793, 1446878518, 2159557694, 498926170, 1523929732, 145030592, 1369809089, 675123973, 1927093239, 1513933594, 571474423, 955510953, 1621109003, 156154790, 1586219664, 1945590997, 1612558010, 179189643, 1614953092, 1703542926, 480866187, 1177397328, 1521019319, 170380285, 1459152648, 1147818393, 700624079, 1256674490, 2304634721, 881284330, 1624348720, 60055386, 1669373442, 370658608, 1537828364, 1868083414, 1457629574, 359487978, 2021398410, 227288424, 987889103, 856091681, 1990304037, 1504646475, 2074360705, 75940936, 606517948, 690865089, 2003103076, 773019584, 523729133, 827505012, 596851588, 1238607124, 850817823, 869657811, 1180537638, 855729267, 1852934201, 1509946917, 575200756, 1281674994, 1051624576, 753780455, 379755857, 326634005, 1384358967, 994993473, 971638402, 336850720]
gen 11
max: 262
avg: 247.9
best individu: [1927088530, 1233693577, 385880431, 1372898457, 2071206334, 1899563009, 1446878518, 9190462, 498926170, 1523932820, 145094090, 1369809089, 675107589, 852564967, 1513933594, 571474423, 2018766889, 1822435595, 156154790, 1586219664, 1945590998, 1646111928, 179189643, 1617311876, 1737097358, 480866187, 1160611920, 1521019383, 168282425, 1459283720, 74076569, 151170251, 1256674490, 90042213, 881284330, 1656862769, 2744540250, 1669373442, 370658608, 1542221391, 1800450260, 1440786822, 359487978, 2021398410, 227290472, 987889103, 856091681, 1990304020, 1504646475, 1789311873, 2223375433, 606517948, 1764606913, 2003107174, 773019584, 523729133, 827763062, 596785828, 1238607124, 850916124, 869657811, 1180537638, 293889907, 1852934201, 1509946917, 575167996, 1281674994, 1051624576, 753780455, 379755089, 326634001, 1386456119, 860842305, 1005243009, 336852768]
gen 12
max: 262
avg: 249.16666666666666
best individu: [1927088530, 1233693577, 385880431, 1372898457, 2071206334, 1899563009, 1446878518, 9190462, 498926170, 1523932820, 145094090, 1369809089, 675107589, 852564967, 1513933594, 571474423, 2018766889, 1822435595, 156154790, 1586219664, 1945590998, 1646111928, 179189643, 1617311876, 1737097358, 480866187, 1160611920, 1521019383, 168282425, 1459283720, 74076569, 151170251, 1256674490, 90042213, 881284330, 1656862769, 2744540250, 1669373442, 370658608, 1542221391, 1800450260, 1440786822, 359487978, 2021398410, 227290472, 987889103, 856091681, 1990304020, 1504646475, 1789311873, 2223375433, 606517948, 1764606913, 2003107174, 773019584, 523729133, 827763062, 596785828, 1238607124, 850916124, 869657811, 1180537638, 293889907, 1852934201, 1509946917, 575167996, 1281674994, 1051624576, 753780455, 379755089, 326634001, 1386456119, 860842305, 1005243009, 336852768]
gen 13
max: 262
avg: 250.26666666666668
best individu: [1927088530, 1233693577, 385880431, 1372898457, 2071206334, 1899563009, 1446878518, 9190462, 498926170, 1523932820, 145094090, 1369809089, 675107589, 852564967, 1513933594, 571474423, 2018766889, 1822435595, 156154790, 1586219664, 1945590998, 1646111928, 179189643, 1617311876, 1737097358, 480866187, 1160611920, 1521019383, 168282425, 1459283720, 74076569, 151170251, 1256674490, 90042213, 881284330, 1656862769, 2744540250, 1669373442, 370658608, 1542221391, 1800450260, 1440786822, 359487978, 2021398410, 227290472, 987889103, 856091681, 1990304020, 1504646475, 1789311873, 2223375433, 606517948, 1764606913, 2003107174, 773019584, 523729133, 827763062, 596785828, 1238607124, 850916124, 869657811, 1180537638, 293889907, 1852934201, 1509946917, 575167996, 1281674994, 1051624576, 753780455, 379755089, 326634001, 1386456119, 860842305, 1005243009, 336852768]
gen 14
max: 263
avg: 252.8
best individu: [2128423314, 1233693577, 1966149999, 1372898457, 2071207342, 2017003521, 1446878518, 9190462, 1572667994, 1524014748, 1218500034, 1904582881, 138248964, 1927027654, 1513409050, 571474423, 2018766889, 1839999787, 2307816358, 1585695376, 4294934486, 1914547384, 44963723, 1614953092, 1703542926, 3968429705, 1160587344, 1521019319, 169328957, 1456006968, 1215189400, 151170763, 1258247354, 92073824, 881284330, 1656854577, 597057114, 1669373486, 370658608, 1537828396, 1868083414, 1474406534, 359225834, 2021398410, 210513257, 987889103, 856157217, 2124521748, 1504642379, 2074360769, 75940937, 606517948, 690832321, 2003168612, 773281728, 523741421, 827521396, 764623508, 1238607124, 582480668, 4090883283, 1180537638, 822568819, 1852934201, 436204581, 575167984, 1281674994, 1051624576, 745391847, 662870337, 330828313, 1386587191, 1045390689, 971638274, 336840496]
gen 15
max: 271
avg: 255.2
best individu: [2124233104, 1233693577, 1729139039, 1373422745, 2004105454, 809044481, 1178572087, 9190454, 498934360, 1523941270, 1218560474, 1368760545, 410583373, 1927224183, 1521240858, 571540211, 945025193, 1977953545, 156122020, 1588316816, 2079792342, 1864215994, 42742153, 1631729796, 3920236686, 480865931, 1697458256, 1521281363, 1310183737, 1475929864, 74076569, 184725195, 1256673722, 123596657, 881267946, 546412593, 601299530, 1988140574, 374836528, 1503815196, 1868079318, 1457629574, 359487978, 2021398282, 479149352, 987889103, 858189481, 1990304021, 1504511467, 2072263553, 76514377, 641514168, 1764606917, 2001005940, 773015488, 1060600045, 827496788, 596851380, 1507566870, 2990013212, 601222339, 1180472230, 290744179, 1903265832, 435679333, 575151612, 1298460402, 1051624576, 1761461991, 371367249, 326634321, 1386325559, 1062172001, 967444098, 345763618]
gen 16
max: 271
avg: 257.2
best individu: [2124233104, 1233693577, 1729139039, 1373422745, 2004105454, 809044481, 1178572087, 9190454, 498934360, 1523941270, 1218560474, 1368760545, 410583373, 1927224183, 1521240858, 571540211, 945025193, 1977953545, 156122020, 1588316816, 2079792342, 1864215994, 42742153, 1631729796, 3920236686, 480865931, 1697458256, 1521281363, 1310183737, 1475929864, 74076569, 184725195, 1256673722, 123596657, 881267946, 546412593, 601299530, 1988140574, 374836528, 1503815196, 1868079318, 1457629574, 359487978, 2021398282, 479149352, 987889103, 858189481, 1990304021, 1504511467, 2072263553, 76514377, 641514168, 1764606917, 2001005940, 773015488, 1060600045, 827496788, 596851380, 1507566870, 2990013212, 601222339, 1180472230, 290744179, 1903265832, 435679333, 575151612, 1298460402, 1051624576, 1761461991, 371367249, 326634321, 1386325559, 1062172001, 967444098, 345763618]
gen 17
max: 271
avg: 258.1
best individu: [2124233104, 1233693577, 1729139039, 1373422745, 2004105454, 809044481, 1178572087, 9190454, 498934360, 1523941270, 1218560474, 1368760545, 410583373, 1927224183, 1521240858, 571540211, 945025193, 1977953545, 156122020, 1588316816, 2079792342, 1864215994, 42742153, 1631729796, 3920236686, 480865931, 1697458256, 1521281363, 1310183737, 1475929864, 74076569, 184725195, 1256673722, 123596657, 881267946, 546412593, 601299530, 1988140574, 374836528, 1503815196, 1868079318, 1457629574, 359487978, 2021398282, 479149352, 987889103, 858189481, 1990304021, 1504511467, 2072263553, 76514377, 641514168, 1764606917, 2001005940, 773015488, 1060600045, 827496788, 596851380, 1507566870, 2990013212, 601222339, 1180472230, 290744179, 1903265832, 435679333, 575151612, 1298460402, 1051624576, 1761461991, 371367249, 326634321, 1386325559, 1062172001, 967444098, 345763618]
gen 18
max: 271
avg: 258.6333333333333
best individu: [2124233104, 1233693577, 1729139039, 1373422745, 2004105454, 809044481, 1178572087, 9190454, 498934360, 1523941270, 1218560474, 1368760545, 410583373, 1927224183, 1521240858, 571540211, 945025193, 1977953545, 156122020, 1588316816, 2079792342, 1864215994, 42742153, 1631729796, 3920236686, 480865931, 1697458256, 1521281363, 1310183737, 1475929864, 74076569, 184725195, 1256673722, 123596657, 881267946, 546412593, 601299530, 1988140574, 374836528, 1503815196, 1868079318, 1457629574, 359487978, 2021398282, 479149352, 987889103, 858189481, 1990304021, 1504511467, 2072263553, 76514377, 641514168, 1764606917, 2001005940, 773015488, 1060600045, 827496788, 596851380, 1507566870, 2990013212, 601222339, 1180472230, 290744179, 1903265832, 435679333, 575151612, 1298460402, 1051624576, 1761461991, 371367249, 326634321, 1386325559, 1062172001, 967444098, 345763618]
