Params(1200, 30, 10, 0.75, 3, 3, 40)
gen 1
max: 238
avg: 32.8
best individu: [302529845, 1164601547, 934564018, 1537078030, 1281092771, 2044117706, 2110989306, 929637246, 1941897472, 736868408, 87755797, 1751247093, 668593104, 2107938460, 952986267, 614443983, 1997594213, 432553698, 1296183991, 149732683, 791880557, 983333823, 1616816601, 14341903, 170162545, 93489262, 585691349, 1621444098, 116436263, 308903766, 1617538007, 927898687, 1887577963, 1920445349, 1133078434, 188288728, 626482421, 1680129988, 624352097, 1824583628, 827428349, 1698675825, 606485010, 1116306325, 1274522872, 1714182442, 51653201, 189456214, 285799685, 166876910, 1179842569, 1542015215, 443288981, 171238074, 989489464, 1538406223, 483971541, 389654365, 1517325334, 1317131656, 1293168423, 833038807, 513731104, 334706555, 1330179614, 1083054534, 1746264308, 1424005911, 1688811474, 2064458079, 1999623375, 1379419365, 1917474927, 1380089428, 4203676]
gen 2
max: 238
avg: 34.63333333333333
best individu: [302529845, 1164601547, 934564018, 1537078030, 1281092771, 2044117706, 2110989306, 929637246, 1941897472, 736868408, 87755797, 1751247093, 668593104, 2107938460, 952986267, 614443983, 1997594213, 432553698, 1296183991, 149732683, 791880557, 983333823, 1616816601, 14341903, 170162545, 93489262, 585691349, 1621444098, 116436263, 308903766, 1617538007, 927898687, 1887577963, 1920445349, 1133078434, 188288728, 626482421, 1680129988, 624352097, 1824583628, 827428349, 1698675825, 606485010, 1116306325, 1274522872, 1714182442, 51653201, 189456214, 285799685, 166876910, 1179842569, 1542015215, 443288981, 171238074, 989489464, 1538406223, 483971541, 389654365, 1517325334, 1317131656, 1293168423, 833038807, 513731104, 334706555, 1330179614, 1083054534, 1746264308, 1424005911, 1688811474, 2064458079, 1999623375, 1379419365, 1917474927, 1380089428, 4203676]
gen 3
max: 241
avg: 43.333333333333336
best individu: [212637097, 2053999478, 1309598315, 2130494369, 3835573034, 1810885622, 1459542095, 1206765848, 1882243321, 3217161405, 3350777802, 2220165951, 2015346723, 1015182891, 3224016801, 2272292335, 860525437, 3668305551, 2699398, 2457892840, 904791408, 2999796379, 3851994582, 1986896755, 1678854924, 3051079256, 454887053, 548477566, 831451237, 996140744, 782768652, 236907786, 3845796942, 191310935, 1329160820, 2589302888, 4073114036, 113463504, 1313423728, 2358211537, 3140025174, 1915444503, 724425601, 4291837129, 1553594237, 586188944, 2526795256, 238174096, 1636448719, 118410834, 191273578, 1103268686, 1361163666, 1203355613, 1920447180, 356722245, 329150886, 3386821521, 1208191464, 542857619, 1874759719, 2038279282, 1385750922, 345221276, 1885539455, 398068238, 1681805030, 1774189468, 1806860552, 457704388, 2012795107, 1247103108, 1078200592, 1831737411, 3769877275]
gen 4
max: 241
avg: 43.56666666666667
best individu: [212637097, 2053999478, 1309598315, 2130494369, 3835573034, 1810885622, 1459542095, 1206765848, 1882243321, 3217161405, 3350777802, 2220165951, 2015346723, 1015182891, 3224016801, 2272292335, 860525437, 3668305551, 2699398, 2457892840, 904791408, 2999796379, 3851994582, 1986896755, 1678854924, 3051079256, 454887053, 548477566, 831451237, 996140744, 782768652, 236907786, 3845796942, 191310935, 1329160820, 2589302888, 4073114036, 113463504, 1313423728, 2358211537, 3140025174, 1915444503, 724425601, 4291837129, 1553594237, 586188944, 2526795256, 238174096, 1636448719, 118410834, 191273578, 1103268686, 1361163666, 1203355613, 1920447180, 356722245, 329150886, 3386821521, 1208191464, 542857619, 1874759719, 2038279282, 1385750922, 345221276, 1885539455, 398068238, 1681805030, 1774189468, 1806860552, 457704388, 2012795107, 1247103108, 1078200592, 1831737411, 3769877275]
gen 5
max: 241
avg: 44.13333333333333
best individu: [212637097, 2053999478, 1309598315, 2130494369, 3835573034, 1810885622, 1459542095, 1206765848, 1882243321, 3217161405, 3350777802, 2220165951, 2015346723, 1015182891, 3224016801, 2272292335, 860525437, 3668305551, 2699398, 2457892840, 904791408, 2999796379, 3851994582, 1986896755, 1678854924, 3051079256, 454887053, 548477566, 831451237, 996140744, 782768652, 236907786, 3845796942, 191310935, 1329160820, 2589302888, 4073114036, 113463504, 1313423728, 2358211537, 3140025174, 1915444503, 724425601, 4291837129, 1553594237, 586188944, 2526795256, 238174096, 1636448719, 118410834, 191273578, 1103268686, 1361163666, 1203355613, 1920447180, 356722245, 329150886, 3386821521, 1208191464, 542857619, 1874759719, 2038279282, 1385750922, 345221276, 1885539455, 398068238, 1681805030, 1774189468, 1806860552, 457704388, 2012795107, 1247103108, 1078200592, 1831737411, 3769877275]
