Params(1200, 30, 20, 0.05, 3, 3, 40)
gen 1
max: 232
avg: 77.46666666666667
best individu: [309893922, 277807778, 580860219, 2129886683, 868530425, 559838864, 1192179011, 30276690, 1609328848, 395727452, 631049276, 410728578, 1834909062, 1860615303, 553666094, 1651929465, 2043500911, 112483494, 2121372993, 171985139, 1063307311, 1403017663, 1906039904, 1191314896, 1747190553, 223044772, 981181615, 1336300371, 918258090, 82387711, 569408332, 1237946466, 192079442, 1775206331, 1584028061, 401984544, 1455857363, 1629305268, 664900160, 1538858955, 474047290, 1725191584, 1495704159, 2038751022, 174264804, 456429709, 883626672, 944224100, 1306136870, 1270762071, 2143727766, 956654885, 1905197506, 770650909, 2066289624, 1631591686, 232962335, 1320610426, 224798936, 1957464714, 1430013318, 1849332683, 1434601144, 1131253816, 1008512421, 757879226, 1138738987, 667984654, 2021890577, 304031169, 1752768559, 1109740167, 1302296480, 1167716081, 824397492]
gen 2
max: 252
avg: 206.66666666666666
best individu: [318339874, 1456212634, 1930639803, 777616627, 871129273, 576714404, 1837774086, 30981458, 1803303765, 379482668, 797514808, 1358642112, 757036302, 1992605479, 621573678, 1383496057, 1531828847, 649354368, 1601248359, 1344460845, 253938219, 1503688863, 2075909408, 1133119435, 2112035348, 1296393380, 2080039079, 536236597, 846627822, 82807519, 627079788, 1099649632, 1617856082, 1277901851, 1601994131, 125586567, 1992613635, 622107062, 784045764, 196818568, 367002431, 1717323171, 1495707759, 2038715959, 35902852, 1463262163, 631900812, 342080864, 1322472382, 1263405634, 2145866387, 194471335, 2097840026, 229520444, 945951732, 1775408418, 1606733726, 1605806826, 623257688, 1957087979, 1413242756, 1047655370, 1157821433, 1231982974, 2100069804, 1831616658, 601343904, 122894109, 1015099953, 5702849, 1777576242, 1270465189, 2107634342, 1841161721, 830933432]
gen 3
max: 252
avg: 232.8
best individu: [318339874, 1456212634, 1930639803, 777616627, 871129273, 576714404, 1837774086, 30981458, 1803303765, 379482668, 797514808, 1358642112, 757036302, 1992605479, 621573678, 1383496057, 1531828847, 649354368, 1601248359, 1344460845, 253938219, 1503688863, 2075909408, 1133119435, 2112035348, 1296393380, 2080039079, 536236597, 846627822, 82807519, 627079788, 1099649632, 1617856082, 1277901851, 1601994131, 125586567, 1992613635, 622107062, 784045764, 196818568, 367002431, 1717323171, 1495707759, 2038715959, 35902852, 1463262163, 631900812, 342080864, 1322472382, 1263405634, 2145866387, 194471335, 2097840026, 229520444, 945951732, 1775408418, 1606733726, 1605806826, 623257688, 1957087979, 1413242756, 1047655370, 1157821433, 1231982974, 2100069804, 1831616658, 601343904, 122894109, 1015099953, 5702849, 1777576242, 1270465189, 2107634342, 1841161721, 830933432]
gen 4
max: 252
avg: 233.06666666666666
best individu: [318339874, 1456212634, 1930639803, 777616627, 871129273, 576714404, 1837774086, 30981458, 1803303765, 379482668, 797514808, 1358642112, 757036302, 1992605479, 621573678, 1383496057, 1531828847, 649354368, 1601248359, 1344460845, 253938219, 1503688863, 2075909408, 1133119435, 2112035348, 1296393380, 2080039079, 536236597, 846627822, 82807519, 627079788, 1099649632, 1617856082, 1277901851, 1601994131, 125586567, 1992613635, 622107062, 784045764, 196818568, 367002431, 1717323171, 1495707759, 2038715959, 35902852, 1463262163, 631900812, 342080864, 1322472382, 1263405634, 2145866387, 194471335, 2097840026, 229520444, 945951732, 1775408418, 1606733726, 1605806826, 623257688, 1957087979, 1413242756, 1047655370, 1157821433, 1231982974, 2100069804, 1831616658, 601343904, 122894109, 1015099953, 5702849, 1777576242, 1270465189, 2107634342, 1841161721, 830933432]
gen 5
max: 252
avg: 233.3
best individu: [318339874, 1456212634, 1930639803, 777616627, 871129273, 576714404, 1837774086, 30981458, 1803303765, 379482668, 797514808, 1358642112, 757036302, 1992605479, 621573678, 1383496057, 1531828847, 649354368, 1601248359, 1344460845, 253938219, 1503688863, 2075909408, 1133119435, 2112035348, 1296393380, 2080039079, 536236597, 846627822, 82807519, 627079788, 1099649632, 1617856082, 1277901851, 1601994131, 125586567, 1992613635, 622107062, 784045764, 196818568, 367002431, 1717323171, 1495707759, 2038715959, 35902852, 1463262163, 631900812, 342080864, 1322472382, 1263405634, 2145866387, 194471335, 2097840026, 229520444, 945951732, 1775408418, 1606733726, 1605806826, 623257688, 1957087979, 1413242756, 1047655370, 1157821433, 1231982974, 2100069804, 1831616658, 601343904, 122894109, 1015099953, 5702849, 1777576242, 1270465189, 2107634342, 1841161721, 830933432]
