Params(1200, 30, 10, 0.05, 5, 3, 40)
gen 1
max: 36
avg: 25.3
best individu: [202510066, 1726088288, 2065157115, 1704420979, 518089966, 1965872553, 1102813539, 213446865, 921749844, 781934417, 1776969826, 658307201, 1878033174, 1079436663, 10930473, 873365170, 855050828, 1237555070, 100161833, 570413476, 2049148795, 1161934147, 1254280537, 205088253, 1589844730, 364786986, 590296946, 1587052062, 923428754, 1400605783, 2036042482, 659605939, 1072024388, 403231177, 1900085274, 1438370281, 296870488, 7114297, 775702612, 464083369, 1455016761, 1157780154, 628513231, 1401335770, 2104655317, 1053986289, 1444717443, 1736982779, 1686504404, 1622242722, 1736772296, 2069390093, 1833436567, 1860870400, 2005665707, 1262137438, 1911022495, 371950055, 2062987206, 1217318169, 312273830, 455867181, 2089623207, 995397118, 142020357, 120598619, 444112122, 531360132, 377660728, 1747519244, 809441365, 212840747, 833718161, 1927435926, 1632857700]
gen 2
max: 36
avg: 27.466666666666665
best individu: [202510066, 1726088288, 2065157115, 1704420979, 518089966, 1965872553, 1102813539, 213446865, 921749844, 781934417, 1776969826, 658307201, 1878033174, 1079436663, 10930473, 873365170, 855050828, 1237555070, 100161833, 570413476, 2049148795, 1161934147, 1254280537, 205088253, 1589844730, 364786986, 590296946, 1587052062, 923428754, 1400605783, 2036042482, 659605939, 1072024388, 403231177, 1900085274, 1438370281, 296870488, 7114297, 775702612, 464083369, 1455016761, 1157780154, 628513231, 1401335770, 2104655317, 1053986289, 1444717443, 1736982779, 1686504404, 1622242722, 1736772296, 2069390093, 1833436567, 1860870400, 2005665707, 1262137438, 1911022495, 371950055, 2062987206, 1217318169, 312273830, 455867181, 2089623207, 995397118, 142020357, 120598619, 444112122, 531360132, 377660728, 1747519244, 809441365, 212840747, 833718161, 1927435926, 1632857700]
gen 3
max: 232
avg: 37.233333333333334
best individu: [2088935242, 1969413804, 1042392965, 1238785838, 736035259, 224706245, 78682794, 1805316847, 1047658333, 424715407, 1124294446, 1739472000, 24777622, 99660600, 2014063807, 1381509720, 1339738972, 562876276, 947430589, 1915165790, 803176995, 1122842399, 366282036, 473098672, 860469998, 1626709266, 973589439, 1573212825, 71348794, 442763816, 1498480743, 1703069272, 409780279, 2132182287, 377229725, 187971935, 2022803864, 455215565, 721912741, 1253032840, 381979052, 594258830, 536197067, 1554373826, 489458537, 926574119, 1580932485, 1548373187, 1640551489, 1483778598, 16416972, 2002137694, 504385588, 514753575, 1040598571, 2060982648, 1556151920, 301641068, 1230973496, 764475617, 828248978, 1529010691, 209122075, 160237567, 237077632, 590917530, 1796932641, 64988429, 1312194657, 677608491, 455158528, 144505378, 1448152313, 1837793961, 111498317]
gen 4
max: 267
avg: 46.233333333333334
best individu: [1369480794, 1817368238, 1048153757, 1258085678, 750227641, 223125189, 81406594, 1771221996, 510737241, 423670927, 1259560494, 2006588557, 242901118, 72480632, 554247673, 1400745560, 261802840, 564967352, 947430591, 1932899422, 1854374403, 682465151, 1573347616, 477109682, 576404655, 1903512838, 2052837023, 1608864600, 610334513, 1509965881, 1566059619, 1635937856, 952993971, 1494355919, 243017133, 1797548311, 2026474456, 732039579, 722414501, 1119732372, 1539672490, 863961486, 385201691, 1599067345, 1294437322, 906191935, 2029659556, 1414454403, 1770578373, 2079428116, 83759244, 320213533, 375312390, 1051362351, 889465659, 1923095016, 409403258, 1094159564, 156973096, 781891809, 2100040626, 1466162691, 1173404315, 1756178427, 782345952, 1915795610, 1778591014, 1130349997, 173441120, 1781251235, 456190340, 471202338, 1967664617, 764054177, 200635465]
gen 5
max: 267
avg: 56.36666666666667
best individu: [1369480794, 1817368238, 1048153757, 1258085678, 750227641, 223125189, 81406594, 1771221996, 510737241, 423670927, 1259560494, 2006588557, 242901118, 72480632, 554247673, 1400745560, 261802840, 564967352, 947430591, 1932899422, 1854374403, 682465151, 1573347616, 477109682, 576404655, 1903512838, 2052837023, 1608864600, 610334513, 1509965881, 1566059619, 1635937856, 952993971, 1494355919, 243017133, 1797548311, 2026474456, 732039579, 722414501, 1119732372, 1539672490, 863961486, 385201691, 1599067345, 1294437322, 906191935, 2029659556, 1414454403, 1770578373, 2079428116, 83759244, 320213533, 375312390, 1051362351, 889465659, 1923095016, 409403258, 1094159564, 156973096, 781891809, 2100040626, 1466162691, 1173404315, 1756178427, 782345952, 1915795610, 1778591014, 1130349997, 173441120, 1781251235, 456190340, 471202338, 1967664617, 764054177, 200635465]
gen 6
max: 267
avg: 96.5
best individu: [1369480794, 1817368238, 1048153757, 1258085678, 750227641, 223125189, 81406594, 1771221996, 510737241, 423670927, 1259560494, 2006588557, 242901118, 72480632, 554247673, 1400745560, 261802840, 564967352, 947430591, 1932899422, 1854374403, 682465151, 1573347616, 477109682, 576404655, 1903512838, 2052837023, 1608864600, 610334513, 1509965881, 1566059619, 1635937856, 952993971, 1494355919, 243017133, 1797548311, 2026474456, 732039579, 722414501, 1119732372, 1539672490, 863961486, 385201691, 1599067345, 1294437322, 906191935, 2029659556, 1414454403, 1770578373, 2079428116, 83759244, 320213533, 375312390, 1051362351, 889465659, 1923095016, 409403258, 1094159564, 156973096, 781891809, 2100040626, 1466162691, 1173404315, 1756178427, 782345952, 1915795610, 1778591014, 1130349997, 173441120, 1781251235, 456190340, 471202338, 1967664617, 764054177, 200635465]
gen 7
max: 267
avg: 97.13333333333334
best individu: [1369480794, 1817368238, 1048153757, 1258085678, 750227641, 223125189, 81406594, 1771221996, 510737241, 423670927, 1259560494, 2006588557, 242901118, 72480632, 554247673, 1400745560, 261802840, 564967352, 947430591, 1932899422, 1854374403, 682465151, 1573347616, 477109682, 576404655, 1903512838, 2052837023, 1608864600, 610334513, 1509965881, 1566059619, 1635937856, 952993971, 1494355919, 243017133, 1797548311, 2026474456, 732039579, 722414501, 1119732372, 1539672490, 863961486, 385201691, 1599067345, 1294437322, 906191935, 2029659556, 1414454403, 1770578373, 2079428116, 83759244, 320213533, 375312390, 1051362351, 889465659, 1923095016, 409403258, 1094159564, 156973096, 781891809, 2100040626, 1466162691, 1173404315, 1756178427, 782345952, 1915795610, 1778591014, 1130349997, 173441120, 1781251235, 456190340, 471202338, 1967664617, 764054177, 200635465]
gen 8
max: 267
avg: 159.0
best individu: [1369480794, 1817368238, 1048153757, 1258085678, 750227641, 223125189, 81406594, 1771221996, 510737241, 423670927, 1259560494, 2006588557, 242901118, 72480632, 554247673, 1400745560, 261802840, 564967352, 947430591, 1932899422, 1854374403, 682465151, 1573347616, 477109682, 576404655, 1903512838, 2052837023, 1608864600, 610334513, 1509965881, 1566059619, 1635937856, 952993971, 1494355919, 243017133, 1797548311, 2026474456, 732039579, 722414501, 1119732372, 1539672490, 863961486, 385201691, 1599067345, 1294437322, 906191935, 2029659556, 1414454403, 1770578373, 2079428116, 83759244, 320213533, 375312390, 1051362351, 889465659, 1923095016, 409403258, 1094159564, 156973096, 781891809, 2100040626, 1466162691, 1173404315, 1756178427, 782345952, 1915795610, 1778591014, 1130349997, 173441120, 1781251235, 456190340, 471202338, 1967664617, 764054177, 200635465]
gen 9
max: 267
avg: 249.6
best individu: [1369480794, 1817368238, 1048153757, 1258085678, 750227641, 223125189, 81406594, 1771221996, 510737241, 423670927, 1259560494, 2006588557, 242901118, 72480632, 554247673, 1400745560, 261802840, 564967352, 947430591, 1932899422, 1854374403, 682465151, 1573347616, 477109682, 576404655, 1903512838, 2052837023, 1608864600, 610334513, 1509965881, 1566059619, 1635937856, 952993971, 1494355919, 243017133, 1797548311, 2026474456, 732039579, 722414501, 1119732372, 1539672490, 863961486, 385201691, 1599067345, 1294437322, 906191935, 2029659556, 1414454403, 1770578373, 2079428116, 83759244, 320213533, 375312390, 1051362351, 889465659, 1923095016, 409403258, 1094159564, 156973096, 781891809, 2100040626, 1466162691, 1173404315, 1756178427, 782345952, 1915795610, 1778591014, 1130349997, 173441120, 1781251235, 456190340, 471202338, 1967664617, 764054177, 200635465]
gen 10
max: 267
avg: 267.0
best individu: [1369480794, 1817368238, 1048153757, 1258085678, 750227641, 223125189, 81406594, 1771221996, 510737241, 423670927, 1259560494, 2006588557, 242901118, 72480632, 554247673, 1400745560, 261802840, 564967352, 947430591, 1932899422, 1854374403, 682465151, 1573347616, 477109682, 576404655, 1903512838, 2052837023, 1608864600, 610334513, 1509965881, 1566059619, 1635937856, 952993971, 1494355919, 243017133, 1797548311, 2026474456, 732039579, 722414501, 1119732372, 1539672490, 863961486, 385201691, 1599067345, 1294437322, 906191935, 2029659556, 1414454403, 1770578373, 2079428116, 83759244, 320213533, 375312390, 1051362351, 889465659, 1923095016, 409403258, 1094159564, 156973096, 781891809, 2100040626, 1466162691, 1173404315, 1756178427, 782345952, 1915795610, 1778591014, 1130349997, 173441120, 1781251235, 456190340, 471202338, 1967664617, 764054177, 200635465]
gen 11
max: 269
avg: 267.06666666666666
best individu: [1369480794, 1817368238, 1048153757, 1258085678, 750227641, 223125189, 81405614, 1771221996, 510737241, 423670927, 1259560494, 2006588557, 242901118, 72480632, 554247673, 1400745560, 261802840, 564967352, 947430591, 1932899422, 1854374403, 682465151, 1573347616, 477109682, 576404655, 1903512838, 2052837023, 1608864600, 610334513, 1509965881, 1566059619, 1635937856, 952993971, 1494355919, 243017133, 1810123031, 2026474456, 732039579, 722414501, 1119732372, 1539672490, 863961486, 385201691, 1599067345, 1294437322, 906191935, 2029659556, 1414454403, 1770578373, 2079428116, 83759244, 320213533, 375312390, 1051362351, 889465659, 1923095016, 409403258, 1094159564, 156973096, 781891809, 2100040626, 1466162691, 1173404315, 1756178427, 782476896, 1915795610, 1778591014, 1130333613, 173441120, 1781251235, 456190340, 471202338, 1465396713, 764054177, 200635465]
gen 12
max: 269
avg: 267.06666666666666
best individu: [1369480794, 1817368238, 1048153757, 1258085678, 750227641, 223125189, 81405614, 1771221996, 510737241, 423670927, 1259560494, 2006588557, 242901118, 72480632, 554247673, 1400745560, 261802840, 564967352, 947430591, 1932899422, 1854374403, 682465151, 1573347616, 477109682, 576404655, 1903512838, 2052837023, 1608864600, 610334513, 1509965881, 1566059619, 1635937856, 952993971, 1494355919, 243017133, 1810123031, 2026474456, 732039579, 722414501, 1119732372, 1539672490, 863961486, 385201691, 1599067345, 1294437322, 906191935, 2029659556, 1414454403, 1770578373, 2079428116, 83759244, 320213533, 375312390, 1051362351, 889465659, 1923095016, 409403258, 1094159564, 156973096, 781891809, 2100040626, 1466162691, 1173404315, 1756178427, 782476896, 1915795610, 1778591014, 1130333613, 173441120, 1781251235, 456190340, 471202338, 1465396713, 764054177, 200635465]
