Params(1200, 30, 50, 0.05, 5, 3, 40)
gen 1
max: 238
avg: 42.56666666666667
best individu: [2029530736, 292106666, 542868755, 1202216667, 68794359, 517631271, 1428597781, 106948129, 1549974175, 447045844, 1847648097, 532344086, 1712822118, 1455673378, 466736222, 213833571, 993597915, 645654799, 1616278921, 307544672, 1481491379, 773745932, 118221760, 66102091, 584933712, 402314781, 870886407, 1322529779, 793250276, 1073945151, 572532034, 885176254, 752157598, 289401264, 323265295, 221928266, 1304852911, 67354915, 1909713038, 1912524919, 1037454323, 1951471164, 1161357244, 246201007, 1456502310, 266808782, 2067778735, 1917858513, 453695984, 666327723, 109092339, 1842248720, 1298883044, 1335436595, 62462606, 1458500030, 1470322675, 1109476759, 1382266901, 344000937, 408925805, 681667196, 1025218326, 1177465259, 1303694613, 1160449869, 1764272302, 2065380210, 786907575, 2023439473, 1699544897, 1626440447, 1480617795, 1659070331, 1097009368]
gen 2
max: 238
avg: 138.53333333333333
best individu: [2029530736, 292106666, 542868755, 1202216667, 68794359, 517631271, 1428597781, 106948129, 1549974175, 447045844, 1847648097, 532344086, 1712822118, 1455673378, 466736222, 213833571, 993597915, 645654799, 1616278921, 307544672, 1481491379, 773745932, 118221760, 66102091, 584933712, 402314781, 870886407, 1322529779, 793250276, 1073945151, 572532034, 885176254, 752157598, 289401264, 323265295, 221928266, 1304852911, 67354915, 1909713038, 1912524919, 1037454323, 1951471164, 1161357244, 246201007, 1456502310, 266808782, 2067778735, 1917858513, 453695984, 666327723, 109092339, 1842248720, 1298883044, 1335436595, 62462606, 1458500030, 1470322675, 1109476759, 1382266901, 344000937, 408925805, 681667196, 1025218326, 1177465259, 1303694613, 1160449869, 1764272302, 2065380210, 786907575, 2023439473, 1699544897, 1626440447, 1480617795, 1659070331, 1097009368]
gen 3
max: 248
avg: 238.33333333333334
best individu: [2046442104, 292237738, 1616561171, 1705532107, 68927478, 515007887, 1462216789, 101704229, 1952592543, 313802948, 1847648119, 465235222, 1712805738, 1925300320, 1003541598, 213702499, 993860063, 104587567, 1615222157, 307544896, 1500496819, 1780376844, 251902912, 1139860297, 1658151280, 132044349, 861972485, 1322628081, 1061734900, 1073942831, 576725826, 348239260, 550568922, 339701140, 325428047, 226154826, 266762415, 350933795, 860973230, 570348631, 1033292659, 877729343, 1430169276, 205306623, 382760482, 1340550402, 2067713167, 978989784, 992139760, 666327691, 109489591, 797963264, 1298884068, 194618651, 62470815, 1991168956, 1470318514, 1260471447, 1349464085, 344001001, 1480529513, 685861140, 2099222355, 1177205178, 263507357, 1160462149, 1764272294, 421210966, 786911551, 1217084497, 1699675977, 543458046, 1480744291, 1787000699, 1365453560]
gen 4
max: 248
avg: 238.53333333333333
best individu: [2046442104, 292237738, 1616561171, 1705532107, 68927478, 515007887, 1462216789, 101704229, 1952592543, 313802948, 1847648119, 465235222, 1712805738, 1925300320, 1003541598, 213702499, 993860063, 104587567, 1615222157, 307544896, 1500496819, 1780376844, 251902912, 1139860297, 1658151280, 132044349, 861972485, 1322628081, 1061734900, 1073942831, 576725826, 348239260, 550568922, 339701140, 325428047, 226154826, 266762415, 350933795, 860973230, 570348631, 1033292659, 877729343, 1430169276, 205306623, 382760482, 1340550402, 2067713167, 978989784, 992139760, 666327691, 109489591, 797963264, 1298884068, 194618651, 62470815, 1991168956, 1470318514, 1260471447, 1349464085, 344001001, 1480529513, 685861140, 2099222355, 1177205178, 263507357, 1160462149, 1764272294, 421210966, 786911551, 1217084497, 1699675977, 543458046, 1480744291, 1787000699, 1365453560]
gen 5
max: 248
avg: 238.96666666666667
best individu: [2046442104, 292237738, 1616561171, 1705532107, 68927478, 515007887, 1462216789, 101704229, 1952592543, 313802948, 1847648119, 465235222, 1712805738, 1925300320, 1003541598, 213702499, 993860063, 104587567, 1615222157, 307544896, 1500496819, 1780376844, 251902912, 1139860297, 1658151280, 132044349, 861972485, 1322628081, 1061734900, 1073942831, 576725826, 348239260, 550568922, 339701140, 325428047, 226154826, 266762415, 350933795, 860973230, 570348631, 1033292659, 877729343, 1430169276, 205306623, 382760482, 1340550402, 2067713167, 978989784, 992139760, 666327691, 109489591, 797963264, 1298884068, 194618651, 62470815, 1991168956, 1470318514, 1260471447, 1349464085, 344001001, 1480529513, 685861140, 2099222355, 1177205178, 263507357, 1160462149, 1764272294, 421210966, 786911551, 1217084497, 1699675977, 543458046, 1480744291, 1787000699, 1365453560]
