Params(1200, 30, 10, 0.75, 5, 3, 40)
gen 1
max: 56
avg: 26.933333333333334
best individu: [902812205, 545134136, 3790901365, 1637088550, 2898129385, 2188578458, 124336448, 2020794889, 2210114226, 1316174238, 2009254087, 2167720852, 3076299482, 1052412122, 726815293, 46223963, 535896858, 2227683244, 2790814551, 2292789579, 3525563713, 3671056713, 2065743915, 4174655650, 1639363439, 2139561894, 726394056, 92036833, 985285696, 1900441155, 35265067, 1375066531, 1708594268, 266459965, 760533090, 75672012, 2622327125, 1535880778, 551260200, 1129972136, 253124206, 507378832, 1272588559, 3973210576, 1360860545, 660032587, 1200334526, 1683786388, 164235059, 2503469338, 4229900215, 3427283886, 757454956, 2408209128, 1090010087, 2963352976, 3417218416, 2443604834, 259362324, 508258672, 269019798, 3878893595, 622638455, 1613405722, 4081950942, 762199430, 599590918, 1467984137, 1181192337, 4195796123, 2207154113, 1947665162, 607862076, 3354556603, 1579699891]
gen 2
max: 239
avg: 43.06666666666667
best individu: [2634214987, 2403300186, 67511187, 1136414490, 2413609420, 2055584843, 1073165998, 2652684914, 2413852378, 1653519667, 2299753848, 1310919776, 1511413044, 687357782, 1981725414, 4049963018, 1663251791, 440923134, 3456832333, 457791877, 2265143766, 1965029811, 3566467035, 3040720824, 2209653793, 2096278223, 750759620, 1312265064, 1495710992, 4252413598, 42249792, 1159394698, 2088432017, 1168201273, 252954455, 2661282094, 2102330627, 1769637831, 3608071882, 1031900563, 2265277010, 1219827717, 3176200770, 3674988422, 2122322092, 2554632783, 1678940595, 3656087397, 2797200383, 328397622, 1160790696, 817588574, 1605481306, 2017730084, 2855581707, 3341956510, 2028304428, 1303368536, 1890974481, 2695615026, 3560709981, 3705923942, 688033382, 141423096, 1399405347, 775318349, 4179714338, 219879349, 576208097, 1008998239, 69824357, 1452159676, 4089734726, 3809198001, 1549577593]
gen 3
max: 239
avg: 43.4
best individu: [2634214987, 2403300186, 67511187, 1136414490, 2413609420, 2055584843, 1073165998, 2652684914, 2413852378, 1653519667, 2299753848, 1310919776, 1511413044, 687357782, 1981725414, 4049963018, 1663251791, 440923134, 3456832333, 457791877, 2265143766, 1965029811, 3566467035, 3040720824, 2209653793, 2096278223, 750759620, 1312265064, 1495710992, 4252413598, 42249792, 1159394698, 2088432017, 1168201273, 252954455, 2661282094, 2102330627, 1769637831, 3608071882, 1031900563, 2265277010, 1219827717, 3176200770, 3674988422, 2122322092, 2554632783, 1678940595, 3656087397, 2797200383, 328397622, 1160790696, 817588574, 1605481306, 2017730084, 2855581707, 3341956510, 2028304428, 1303368536, 1890974481, 2695615026, 3560709981, 3705923942, 688033382, 141423096, 1399405347, 775318349, 4179714338, 219879349, 576208097, 1008998239, 69824357, 1452159676, 4089734726, 3809198001, 1549577593]
gen 4
max: 239
avg: 44.8
best individu: [2634214987, 2403300186, 67511187, 1136414490, 2413609420, 2055584843, 1073165998, 2652684914, 2413852378, 1653519667, 2299753848, 1310919776, 1511413044, 687357782, 1981725414, 4049963018, 1663251791, 440923134, 3456832333, 457791877, 2265143766, 1965029811, 3566467035, 3040720824, 2209653793, 2096278223, 750759620, 1312265064, 1495710992, 4252413598, 42249792, 1159394698, 2088432017, 1168201273, 252954455, 2661282094, 2102330627, 1769637831, 3608071882, 1031900563, 2265277010, 1219827717, 3176200770, 3674988422, 2122322092, 2554632783, 1678940595, 3656087397, 2797200383, 328397622, 1160790696, 817588574, 1605481306, 2017730084, 2855581707, 3341956510, 2028304428, 1303368536, 1890974481, 2695615026, 3560709981, 3705923942, 688033382, 141423096, 1399405347, 775318349, 4179714338, 219879349, 576208097, 1008998239, 69824357, 1452159676, 4089734726, 3809198001, 1549577593]
