Params(1200, 30, 10, 0.15, 3, 3, 40)
gen 1
max: 238
avg: 34.166666666666664
best individu: [1654605187, 2096169928, 1494011270, 2016102560, 418328216, 1385241373, 30011179, 1016107490, 403778597, 2098313824, 1339306209, 1359816377, 869546243, 393911162, 1603706094, 1443972054, 1334162061, 1131700977, 1601184863, 1546778403, 1532773155, 587937021, 1162189146, 1573042449, 1555605596, 365588635, 1347682822, 1096871691, 1593657265, 578792107, 297185268, 72014145, 837072659, 744255929, 1468260196, 2074834227, 523583817, 211378431, 474298949, 436729830, 782002411, 28730995, 210072009, 1553074007, 2105161468, 206139094, 856127415, 677621804, 771827193, 1378803037, 1086190314, 1748958124, 910435781, 968590009, 1678479894, 1991623850, 1595664591, 1719562574, 1201960431, 262920915, 2035379857, 618866432, 1527008267, 1324905660, 1256372008, 169672170, 1255543129, 866668500, 1346537957, 541815361, 657119502, 746449815, 1313603433, 1200406173, 457233208]
gen 2
max: 244
avg: 43.6
best individu: [1393606046, 2112753230, 2069568631, 1660202341, 190566446, 179812795, 1317622771, 1935201357, 1103524025, 658477078, 294946967, 996160278, 897245866, 1696868174, 1494656203, 2062164153, 903918064, 996539181, 1873384058, 1235995827, 1272165940, 231759813, 1082098909, 1673833299, 1194971487, 1055909967, 1649167758, 401338029, 1688713889, 1635866875, 1921006088, 39700073, 432592162, 218976289, 201610042, 1142206380, 1772620676, 2131396434, 1603244316, 1430628530, 545742737, 1704281241, 153725694, 2978182454, 2068859470, 317667141, 1855950982, 1726380885, 1332602503, 1314106830, 1359973279, 573713675, 841958740, 887318081, 398681287, 417093075, 296188599, 2124958527, 513782764, 335447262, 1863310628, 1990122595, 1558001794, 2122073634, 1422579985, 1976458521, 1324892121, 1494647495, 1811935119, 1767794653, 148356756, 1930469785, 902751850, 1086926699, 776863442]
gen 3
max: 244
avg: 53.9
best individu: [1393606046, 2112753230, 2069568631, 1660202341, 190566446, 179812795, 1317622771, 1935201357, 1103524025, 658477078, 294946967, 996160278, 897245866, 1696868174, 1494656203, 2062164153, 903918064, 996539181, 1873384058, 1235995827, 1272165940, 231759813, 1082098909, 1673833299, 1194971487, 1055909967, 1649167758, 401338029, 1688713889, 1635866875, 1921006088, 39700073, 432592162, 218976289, 201610042, 1142206380, 1772620676, 2131396434, 1603244316, 1430628530, 545742737, 1704281241, 153725694, 2978182454, 2068859470, 317667141, 1855950982, 1726380885, 1332602503, 1314106830, 1359973279, 573713675, 841958740, 887318081, 398681287, 417093075, 296188599, 2124958527, 513782764, 335447262, 1863310628, 1990122595, 1558001794, 2122073634, 1422579985, 1976458521, 1324892121, 1494647495, 1811935119, 1767794653, 148356756, 1930469785, 902751850, 1086926699, 776863442]
gen 4
max: 244
avg: 62.666666666666664
best individu: [1393606046, 2112753230, 2069568631, 1660202341, 190566446, 179812795, 1317622771, 1935201357, 1103524025, 658477078, 294946967, 996160278, 897245866, 1696868174, 1494656203, 2062164153, 903918064, 996539181, 1873384058, 1235995827, 1272165940, 231759813, 1082098909, 1673833299, 1194971487, 1055909967, 1649167758, 401338029, 1688713889, 1635866875, 1921006088, 39700073, 432592162, 218976289, 201610042, 1142206380, 1772620676, 2131396434, 1603244316, 1430628530, 545742737, 1704281241, 153725694, 2978182454, 2068859470, 317667141, 1855950982, 1726380885, 1332602503, 1314106830, 1359973279, 573713675, 841958740, 887318081, 398681287, 417093075, 296188599, 2124958527, 513782764, 335447262, 1863310628, 1990122595, 1558001794, 2122073634, 1422579985, 1976458521, 1324892121, 1494647495, 1811935119, 1767794653, 148356756, 1930469785, 902751850, 1086926699, 776863442]
gen 5
max: 246
avg: 78.2
best individu: [1393606046, 2112753230, 2069568631, 1660202341, 1130041582, 179812795, 1317622771, 1935201357, 1103524025, 658477078, 294946967, 996160278, 897245866, 1696868174, 1494197451, 2062164153, 903918064, 996539181, 1873384058, 1235995827, 1272034839, 231759813, 1082098909, 1673833299, 1194971487, 1055909955, 1649167758, 401338029, 1688713889, 1635866875, 1921006088, 39700073, 432592162, 218976289, 201610042, 1142206380, 1772620608, 2131461970, 1603244316, 1430628530, 545742737, 1704281241, 153725694, 2978182454, 2068859470, 317667141, 1855950982, 1726380885, 1332602503, 3461590478, 1359973279, 573713675, 841958740, 887318081, 398681287, 417093075, 296188599, 2116582207, 513782764, 335447262, 1729895716, 1990122595, 1558001794, 2122073634, 1422579985, 1976458521, 1324892121, 1494647495, 1811935119, 1767794653, 148356756, 1930469785, 902751850, 1086926699, 776863442]
gen 6
max: 246
avg: 79.06666666666666
best individu: [1393606046, 2112753230, 2069568631, 1660202341, 1130041582, 179812795, 1317622771, 1935201357, 1103524025, 658477078, 294946967, 996160278, 897245866, 1696868174, 1494197451, 2062164153, 903918064, 996539181, 1873384058, 1235995827, 1272034839, 231759813, 1082098909, 1673833299, 1194971487, 1055909955, 1649167758, 401338029, 1688713889, 1635866875, 1921006088, 39700073, 432592162, 218976289, 201610042, 1142206380, 1772620608, 2131461970, 1603244316, 1430628530, 545742737, 1704281241, 153725694, 2978182454, 2068859470, 317667141, 1855950982, 1726380885, 1332602503, 3461590478, 1359973279, 573713675, 841958740, 887318081, 398681287, 417093075, 296188599, 2116582207, 513782764, 335447262, 1729895716, 1990122595, 1558001794, 2122073634, 1422579985, 1976458521, 1324892121, 1494647495, 1811935119, 1767794653, 148356756, 1930469785, 902751850, 1086926699, 776863442]
gen 7
max: 246
avg: 86.56666666666666
best individu: [1393606046, 2112753230, 2069568631, 1660202341, 1130041582, 179812795, 1317622771, 1935201357, 1103524025, 658477078, 294946967, 996160278, 897245866, 1696868174, 1494197451, 2062164153, 903918064, 996539181, 1873384058, 1235995827, 1272034839, 231759813, 1082098909, 1673833299, 1194971487, 1055909955, 1649167758, 401338029, 1688713889, 1635866875, 1921006088, 39700073, 432592162, 218976289, 201610042, 1142206380, 1772620608, 2131461970, 1603244316, 1430628530, 545742737, 1704281241, 153725694, 2978182454, 2068859470, 317667141, 1855950982, 1726380885, 1332602503, 3461590478, 1359973279, 573713675, 841958740, 887318081, 398681287, 417093075, 296188599, 2116582207, 513782764, 335447262, 1729895716, 1990122595, 1558001794, 2122073634, 1422579985, 1976458521, 1324892121, 1494647495, 1811935119, 1767794653, 148356756, 1930469785, 902751850, 1086926699, 776863442]
gen 8
max: 246
avg: 101.03333333333333
best individu: [1393606046, 2112753230, 2069568631, 1660202341, 1130041582, 179812795, 1317622771, 1935201357, 1103524025, 658477078, 294946967, 996160278, 897245866, 1696868174, 1494197451, 2062164153, 903918064, 996539181, 1873384058, 1235995827, 1272034839, 231759813, 1082098909, 1673833299, 1194971487, 1055909955, 1649167758, 401338029, 1688713889, 1635866875, 1921006088, 39700073, 432592162, 218976289, 201610042, 1142206380, 1772620608, 2131461970, 1603244316, 1430628530, 545742737, 1704281241, 153725694, 2978182454, 2068859470, 317667141, 1855950982, 1726380885, 1332602503, 3461590478, 1359973279, 573713675, 841958740, 887318081, 398681287, 417093075, 296188599, 2116582207, 513782764, 335447262, 1729895716, 1990122595, 1558001794, 2122073634, 1422579985, 1976458521, 1324892121, 1494647495, 1811935119, 1767794653, 148356756, 1930469785, 902751850, 1086926699, 776863442]
gen 9
max: 246
avg: 108.83333333333333
best individu: [1393606046, 2112753230, 2069568631, 1660202341, 1130041582, 179812795, 1317622771, 1935201357, 1103524025, 658477078, 294946967, 996160278, 897245866, 1696868174, 1494197451, 2062164153, 903918064, 996539181, 1873384058, 1235995827, 1272034839, 231759813, 1082098909, 1673833299, 1194971487, 1055909955, 1649167758, 401338029, 1688713889, 1635866875, 1921006088, 39700073, 432592162, 218976289, 201610042, 1142206380, 1772620608, 2131461970, 1603244316, 1430628530, 545742737, 1704281241, 153725694, 2978182454, 2068859470, 317667141, 1855950982, 1726380885, 1332602503, 3461590478, 1359973279, 573713675, 841958740, 887318081, 398681287, 417093075, 296188599, 2116582207, 513782764, 335447262, 1729895716, 1990122595, 1558001794, 2122073634, 1422579985, 1976458521, 1324892121, 1494647495, 1811935119, 1767794653, 148356756, 1930469785, 902751850, 1086926699, 776863442]
gen 10
max: 246
avg: 131.1
best individu: [1393606046, 2112753230, 2069568631, 1660202341, 1130041582, 179812795, 1317622771, 1935201357, 1103524025, 658477078, 294946967, 996160278, 897245866, 1696868174, 1494197451, 2062164153, 903918064, 996539181, 1873384058, 1235995827, 1272034839, 231759813, 1082098909, 1673833299, 1194971487, 1055909955, 1649167758, 401338029, 1688713889, 1635866875, 1921006088, 39700073, 432592162, 218976289, 201610042, 1142206380, 1772620608, 2131461970, 1603244316, 1430628530, 545742737, 1704281241, 153725694, 2978182454, 2068859470, 317667141, 1855950982, 1726380885, 1332602503, 3461590478, 1359973279, 573713675, 841958740, 887318081, 398681287, 417093075, 296188599, 2116582207, 513782764, 335447262, 1729895716, 1990122595, 1558001794, 2122073634, 1422579985, 1976458521, 1324892121, 1494647495, 1811935119, 1767794653, 148356756, 1930469785, 902751850, 1086926699, 776863442]
gen 11
max: 246
avg: 184.23333333333332
best individu: [1393606046, 2112753230, 2069568631, 1660202341, 1130041582, 179812795, 1317622771, 1935201357, 1103524025, 658477078, 294946967, 996160278, 897245866, 1696868174, 1494197451, 2062164153, 903918064, 996539181, 1873384058, 1235995827, 1272034839, 231759813, 1082098909, 1673833299, 1194971487, 1055909955, 1649167758, 401338029, 1688713889, 1635866875, 1921006088, 39700073, 432592162, 218976289, 201610042, 1142206380, 1772620608, 2131461970, 1603244316, 1430628530, 545742737, 1704281241, 153725694, 2978182454, 2068859470, 317667141, 1855950982, 1726380885, 1332602503, 3461590478, 1359973279, 573713675, 841958740, 887318081, 398681287, 417093075, 296188599, 2116582207, 513782764, 335447262, 1729895716, 1990122595, 1558001794, 2122073634, 1422579985, 1976458521, 1324892121, 1494647495, 1811935119, 1767794653, 148356756, 1930469785, 902751850, 1086926699, 776863442]
gen 12
max: 246
avg: 240.13333333333333
best individu: [1393606046, 2112753230, 2069568631, 1660202341, 1130041582, 179812795, 1317622771, 1935201357, 1103524025, 658477078, 294946967, 996160278, 897245866, 1696868174, 1494197451, 2062164153, 903918064, 996539181, 1873384058, 1235995827, 1272034839, 231759813, 1082098909, 1673833299, 1194971487, 1055909955, 1649167758, 401338029, 1688713889, 1635866875, 1921006088, 39700073, 432592162, 218976289, 201610042, 1142206380, 1772620608, 2131461970, 1603244316, 1430628530, 545742737, 1704281241, 153725694, 2978182454, 2068859470, 317667141, 1855950982, 1726380885, 1332602503, 3461590478, 1359973279, 573713675, 841958740, 887318081, 398681287, 417093075, 296188599, 2116582207, 513782764, 335447262, 1729895716, 1990122595, 1558001794, 2122073634, 1422579985, 1976458521, 1324892121, 1494647495, 1811935119, 1767794653, 148356756, 1930469785, 902751850, 1086926699, 776863442]
gen 13
max: 247
avg: 242.8
best individu: [1393606046, 2112753230, 995761271, 1660202341, 190042158, 194509243, 1317622783, 1935201357, 1103524025, 658477078, 294947217, 1799922454, 897245866, 1696868174, 1494656203, 2062164153, 358658544, 996539181, 1873384058, 1235995827, 1274263092, 500195015, 1081838621, 1665444691, 1194971487, 921684239, 1657556366, 401338029, 1689696417, 1635866875, 1921006094, 39699561, 432559394, 218976289, 2248987514, 1142206348, 1772620676, 2143979378, 1099927836, 1431152818, 277110417, 2778023065, 153725694, 2978182710, 2077379150, 317667137, 1855950982, 1726380373, 1332602503, 1314106830, 1359973279, 570567947, 841958740, 350447169, 499153095, 417093075, 296188599, 2124958527, 519549932, 335447262, 1864359204, 1985911907, 483227791, 2038187570, 1422022929, 2010013081, 1591222233, 1494647495, 1811935119, 1834936285, 148356756, 1930433433, 902751850, 1086860131, 776863442]
gen 14
max: 247
avg: 244.33333333333334
best individu: [1393606046, 2112753230, 995761271, 1660202341, 190042158, 194509243, 1317622783, 1935201357, 1103524025, 658477078, 294947217, 1799922454, 897245866, 1696868174, 1494656203, 2062164153, 358658544, 996539181, 1873384058, 1235995827, 1274263092, 500195015, 1081838621, 1665444691, 1194971487, 921684239, 1657556366, 401338029, 1689696417, 1635866875, 1921006094, 39699561, 432559394, 218976289, 2248987514, 1142206348, 1772620676, 2143979378, 1099927836, 1431152818, 277110417, 2778023065, 153725694, 2978182710, 2077379150, 317667137, 1855950982, 1726380373, 1332602503, 1314106830, 1359973279, 570567947, 841958740, 350447169, 499153095, 417093075, 296188599, 2124958527, 519549932, 335447262, 1864359204, 1985911907, 483227791, 2038187570, 1422022929, 2010013081, 1591222233, 1494647495, 1811935119, 1834936285, 148356756, 1930433433, 902751850, 1086860131, 776863442]
gen 15
max: 251
avg: 244.76666666666668
best individu: [1385479870, 2112758350, 1532697719, 1925098597, 194298940, 179812795, 1318673395, 1935184975, 1104310457, 935305334, 294946967, 2032038674, 905634410, 1697933150, 1763092682, 2057961659, 635482613, 996473645, 1873384059, 1554767283, 1340838452, 768769989, 1098876125, 1665575763, 1194979679, 1055877326, 1665943946, 401338029, 1722266289, 1636391163, 1922316800, 39704169, 419484978, 218714145, 243585842, 1411821228, 2032470916, 2131396434, 1599019284, 1464182966, 579297153, 1704281235, 136915706, 2978182453, 2068859470, 449803844, 1855959702, 1650751829, 1330472583, 1196928478, 1363116959, 1652440331, 908411973, 1021568585, 667137227, 417224155, 296188594, 1856523135, 530559908, 335447262, 1796734244, 1989074019, 1591556227, 2130462242, 1422580497, 2010013113, 1257775065, 288670661, 1811672847, 1767794649, 232251028, 1897177489, 1959716458, 1089021440, 776863314]
