Params(1200, 30, 20, 0.75, 5, 3, 40)
gen 1
max: 235
avg: 35.2
best individu: [2877421940, 1709780964, 462033817, 1093640433, 1575077115, 854457622, 231472676, 449776201, 1709117273, 553500808, 1273296229, 1994069419, 3124556344, 2950634715, 3793458792, 283821766, 1017607659, 744876621, 727716121, 1281255212, 801677260, 4222301051, 554775154, 137460470, 1932823633, 2507151930, 440000342, 2110241145, 2558267379, 2053799488, 1273516190, 782733763, 505808701, 3274241865, 836836057, 1034230737, 1304319077, 502774779, 413540422, 2775793638, 881034401, 457838451, 2270000392, 1147182874, 2767397325, 2988311619, 2505954277, 831112670, 2003695490, 3365686, 4041505469, 1844368781, 1075423848, 2349813961, 2352900615, 1270864836, 2064845317, 1108949584, 1626902845, 44633834, 2328716983, 1013425411, 4253449835, 122129506, 715305386, 1397039830, 1012659582, 401099950, 1946787161, 1012487998, 2406369474, 801923036, 1545583979, 3881345606, 1145215087]
gen 2
max: 235
avg: 38.63333333333333
best individu: [2877421940, 1709780964, 462033817, 1093640433, 1575077115, 854457622, 231472676, 449776201, 1709117273, 553500808, 1273296229, 1994069419, 3124556344, 2950634715, 3793458792, 283821766, 1017607659, 744876621, 727716121, 1281255212, 801677260, 4222301051, 554775154, 137460470, 1932823633, 2507151930, 440000342, 2110241145, 2558267379, 2053799488, 1273516190, 782733763, 505808701, 3274241865, 836836057, 1034230737, 1304319077, 502774779, 413540422, 2775793638, 881034401, 457838451, 2270000392, 1147182874, 2767397325, 2988311619, 2505954277, 831112670, 2003695490, 3365686, 4041505469, 1844368781, 1075423848, 2349813961, 2352900615, 1270864836, 2064845317, 1108949584, 1626902845, 44633834, 2328716983, 1013425411, 4253449835, 122129506, 715305386, 1397039830, 1012659582, 401099950, 1946787161, 1012487998, 2406369474, 801923036, 1545583979, 3881345606, 1145215087]
gen 3
max: 235
avg: 41.833333333333336
best individu: [2877421940, 1709780964, 462033817, 1093640433, 1575077115, 854457622, 231472676, 449776201, 1709117273, 553500808, 1273296229, 1994069419, 3124556344, 2950634715, 3793458792, 283821766, 1017607659, 744876621, 727716121, 1281255212, 801677260, 4222301051, 554775154, 137460470, 1932823633, 2507151930, 440000342, 2110241145, 2558267379, 2053799488, 1273516190, 782733763, 505808701, 3274241865, 836836057, 1034230737, 1304319077, 502774779, 413540422, 2775793638, 881034401, 457838451, 2270000392, 1147182874, 2767397325, 2988311619, 2505954277, 831112670, 2003695490, 3365686, 4041505469, 1844368781, 1075423848, 2349813961, 2352900615, 1270864836, 2064845317, 1108949584, 1626902845, 44633834, 2328716983, 1013425411, 4253449835, 122129506, 715305386, 1397039830, 1012659582, 401099950, 1946787161, 1012487998, 2406369474, 801923036, 1545583979, 3881345606, 1145215087]
gen 4
max: 235
avg: 44.96666666666667
best individu: [2877421940, 1709780964, 462033817, 1093640433, 1575077115, 854457622, 231472676, 449776201, 1709117273, 553500808, 1273296229, 1994069419, 3124556344, 2950634715, 3793458792, 283821766, 1017607659, 744876621, 727716121, 1281255212, 801677260, 4222301051, 554775154, 137460470, 1932823633, 2507151930, 440000342, 2110241145, 2558267379, 2053799488, 1273516190, 782733763, 505808701, 3274241865, 836836057, 1034230737, 1304319077, 502774779, 413540422, 2775793638, 881034401, 457838451, 2270000392, 1147182874, 2767397325, 2988311619, 2505954277, 831112670, 2003695490, 3365686, 4041505469, 1844368781, 1075423848, 2349813961, 2352900615, 1270864836, 2064845317, 1108949584, 1626902845, 44633834, 2328716983, 1013425411, 4253449835, 122129506, 715305386, 1397039830, 1012659582, 401099950, 1946787161, 1012487998, 2406369474, 801923036, 1545583979, 3881345606, 1145215087]
gen 5
max: 235
avg: 45.93333333333333
best individu: [2877421940, 1709780964, 462033817, 1093640433, 1575077115, 854457622, 231472676, 449776201, 1709117273, 553500808, 1273296229, 1994069419, 3124556344, 2950634715, 3793458792, 283821766, 1017607659, 744876621, 727716121, 1281255212, 801677260, 4222301051, 554775154, 137460470, 1932823633, 2507151930, 440000342, 2110241145, 2558267379, 2053799488, 1273516190, 782733763, 505808701, 3274241865, 836836057, 1034230737, 1304319077, 502774779, 413540422, 2775793638, 881034401, 457838451, 2270000392, 1147182874, 2767397325, 2988311619, 2505954277, 831112670, 2003695490, 3365686, 4041505469, 1844368781, 1075423848, 2349813961, 2352900615, 1270864836, 2064845317, 1108949584, 1626902845, 44633834, 2328716983, 1013425411, 4253449835, 122129506, 715305386, 1397039830, 1012659582, 401099950, 1946787161, 1012487998, 2406369474, 801923036, 1545583979, 3881345606, 1145215087]
gen 6
max: 235
avg: 47.86666666666667
best individu: [2877421940, 1709780964, 462033817, 1093640433, 1575077115, 854457622, 231472676, 449776201, 1709117273, 553500808, 1273296229, 1994069419, 3124556344, 2950634715, 3793458792, 283821766, 1017607659, 744876621, 727716121, 1281255212, 801677260, 4222301051, 554775154, 137460470, 1932823633, 2507151930, 440000342, 2110241145, 2558267379, 2053799488, 1273516190, 782733763, 505808701, 3274241865, 836836057, 1034230737, 1304319077, 502774779, 413540422, 2775793638, 881034401, 457838451, 2270000392, 1147182874, 2767397325, 2988311619, 2505954277, 831112670, 2003695490, 3365686, 4041505469, 1844368781, 1075423848, 2349813961, 2352900615, 1270864836, 2064845317, 1108949584, 1626902845, 44633834, 2328716983, 1013425411, 4253449835, 122129506, 715305386, 1397039830, 1012659582, 401099950, 1946787161, 1012487998, 2406369474, 801923036, 1545583979, 3881345606, 1145215087]
gen 7
max: 235
avg: 48.233333333333334
best individu: [2877421940, 1709780964, 462033817, 1093640433, 1575077115, 854457622, 231472676, 449776201, 1709117273, 553500808, 1273296229, 1994069419, 3124556344, 2950634715, 3793458792, 283821766, 1017607659, 744876621, 727716121, 1281255212, 801677260, 4222301051, 554775154, 137460470, 1932823633, 2507151930, 440000342, 2110241145, 2558267379, 2053799488, 1273516190, 782733763, 505808701, 3274241865, 836836057, 1034230737, 1304319077, 502774779, 413540422, 2775793638, 881034401, 457838451, 2270000392, 1147182874, 2767397325, 2988311619, 2505954277, 831112670, 2003695490, 3365686, 4041505469, 1844368781, 1075423848, 2349813961, 2352900615, 1270864836, 2064845317, 1108949584, 1626902845, 44633834, 2328716983, 1013425411, 4253449835, 122129506, 715305386, 1397039830, 1012659582, 401099950, 1946787161, 1012487998, 2406369474, 801923036, 1545583979, 3881345606, 1145215087]
gen 8
max: 235
avg: 48.96666666666667
best individu: [2877421940, 1709780964, 462033817, 1093640433, 1575077115, 854457622, 231472676, 449776201, 1709117273, 553500808, 1273296229, 1994069419, 3124556344, 2950634715, 3793458792, 283821766, 1017607659, 744876621, 727716121, 1281255212, 801677260, 4222301051, 554775154, 137460470, 1932823633, 2507151930, 440000342, 2110241145, 2558267379, 2053799488, 1273516190, 782733763, 505808701, 3274241865, 836836057, 1034230737, 1304319077, 502774779, 413540422, 2775793638, 881034401, 457838451, 2270000392, 1147182874, 2767397325, 2988311619, 2505954277, 831112670, 2003695490, 3365686, 4041505469, 1844368781, 1075423848, 2349813961, 2352900615, 1270864836, 2064845317, 1108949584, 1626902845, 44633834, 2328716983, 1013425411, 4253449835, 122129506, 715305386, 1397039830, 1012659582, 401099950, 1946787161, 1012487998, 2406369474, 801923036, 1545583979, 3881345606, 1145215087]
