Params(1200, 30, 20, 0.05, 5, 3, 40)
gen 1
max: 40
avg: 29.2
best individu: [1284392546, 116196876, 2062871288, 1976888020, 23576100, 600683377, 1493733818, 674465786, 1235979865, 149294417, 1691293425, 292827354, 715272148, 1796684128, 1346562870, 63207587, 792457412, 719600428, 1154931139, 953942042, 3975251974, 689139888, 578570390, 784797201, 748052152, 1179430622, 1465485738, 989383814, 1096382898, 654129774, 652981974, 12634597, 535093184, 1518313371, 594554388, 2088591183, 584374983, 1127921569, 95257105, 679340435, 640507056, 1395872020, 344390172, 324715210, 2034808439, 1524765481, 1898430418, 1769184148, 1973229011, 106660905, 1267361627, 593970551, 1378247132, 798535291, 249247394, 1136902427, 1498709890, 2090961422, 282681308, 782254747, 257235490, 1341077720, 406693311, 316587441, 1178091712, 629239279, 292145302, 882357270, 1764316980, 784232254, 2033472965, 446848827, 1019110185, 1805086577, 1848942958]
gen 2
max: 229
avg: 41.2
best individu: [540782956, 2100936025, 1852292370, 269891070, 696744487, 683370942, 1352007819, 239492099, 1005990752, 1365634613, 894301643, 1094851898, 1159772877, 1850506949, 282768715, 1399640637, 296123414, 1149840723, 174441947, 477785189, 1591854334, 1348960061, 1730974115, 426084830, 490605135, 326525617, 1644404306, 1636751793, 1980096066, 1767003274, 1270579939, 837684496, 62850988, 32945334, 526619484, 1089663426, 1932715330, 1514038874, 37742495, 1596544798, 160028058, 1365262719, 1847656684, 1707294932, 2101384740, 1185048399, 1783172304, 459104647, 1788074714, 1658964625, 1909962652, 476013489, 2029187720, 832172660, 306215266, 321430535, 1992114139, 428086882, 560865838, 48743150, 1414230083, 1752006182, 635359311, 1158926887, 130596681, 826721266, 1328199131, 552629917, 2021587651, 360786840, 2056191186, 252781688, 2130666508, 1302769292, 313312411]
gen 3
max: 234
avg: 50.1
best individu: [3924373, 1546204536, 786771664, 1345836494, 170851985, 1119017117, 1553959355, 1149991128, 1523934794, 1534153324, 933057002, 384011896, 1409718602, 250067505, 1346426512, 2119598846, 164550559, 208216004, 1098236997, 1073327113, 1978713429, 812235816, 1648153879, 1435991184, 71215134, 473980930, 2053279556, 1266939125, 1166080526, 1542970388, 49857408, 2129560595, 858634112, 1362504155, 1768291504, 1455057859, 909580158, 1511845769, 908453518, 470613827, 1731837947, 1496410292, 914164347, 1428540529, 2065155396, 597847881, 737029314, 963063837, 2147179022, 1290790928, 825558986, 106402448, 1274024845, 1470509800, 1979874936, 287822513, 1183248315, 289087012, 1069447567, 1856493406, 1381186415, 1251815445, 278839465, 595770095, 240035628, 982967295, 872886458, 413693204, 123269241, 835461386, 127311319, 563093758, 1575976156, 414688207, 1958683775]
gen 4
max: 234
avg: 90.76666666666667
best individu: [3924373, 1546204536, 786771664, 1345836494, 170851985, 1119017117, 1553959355, 1149991128, 1523934794, 1534153324, 933057002, 384011896, 1409718602, 250067505, 1346426512, 2119598846, 164550559, 208216004, 1098236997, 1073327113, 1978713429, 812235816, 1648153879, 1435991184, 71215134, 473980930, 2053279556, 1266939125, 1166080526, 1542970388, 49857408, 2129560595, 858634112, 1362504155, 1768291504, 1455057859, 909580158, 1511845769, 908453518, 470613827, 1731837947, 1496410292, 914164347, 1428540529, 2065155396, 597847881, 737029314, 963063837, 2147179022, 1290790928, 825558986, 106402448, 1274024845, 1470509800, 1979874936, 287822513, 1183248315, 289087012, 1069447567, 1856493406, 1381186415, 1251815445, 278839465, 595770095, 240035628, 982967295, 872886458, 413693204, 123269241, 835461386, 127311319, 563093758, 1575976156, 414688207, 1958683775]
gen 5
max: 249
avg: 149.36666666666667
best individu: [1724600678, 1964620055, 1794271864, 1355080052, 612694694, 566065912, 2090603704, 1312906092, 1262141277, 225770323, 879621622, 1098159546, 79444941, 782039776, 281584508, 334295205, 999190854, 1757490963, 644268483, 1761234042, 1156685874, 1027340937, 1649188251, 454102857, 754846109, 385795856, 1663274235, 466222495, 1241972674, 1115310106, 1726723043, 29789140, 2077712256, 419305118, 154570332, 1401509066, 591058626, 1399613291, 801030808, 239557513, 521006355, 326267259, 818221205, 556421876, 2101905271, 1386365823, 862297873, 1232461206, 1720752859, 1995476545, 1085153817, 1783072177, 1659039946, 597453666, 1510619298, 862627972, 26703583, 1888555547, 1972184877, 61660862, 995171331, 2063367937, 552043887, 307691365, 111784004, 635654137, 808451931, 550561558, 677992020, 6827448, 979302367, 724633403, 2113859116, 1775714085, 1948380669]
gen 6
max: 249
avg: 189.23333333333332
best individu: [1724600678, 1964620055, 1794271864, 1355080052, 612694694, 566065912, 2090603704, 1312906092, 1262141277, 225770323, 879621622, 1098159546, 79444941, 782039776, 281584508, 334295205, 999190854, 1757490963, 644268483, 1761234042, 1156685874, 1027340937, 1649188251, 454102857, 754846109, 385795856, 1663274235, 466222495, 1241972674, 1115310106, 1726723043, 29789140, 2077712256, 419305118, 154570332, 1401509066, 591058626, 1399613291, 801030808, 239557513, 521006355, 326267259, 818221205, 556421876, 2101905271, 1386365823, 862297873, 1232461206, 1720752859, 1995476545, 1085153817, 1783072177, 1659039946, 597453666, 1510619298, 862627972, 26703583, 1888555547, 1972184877, 61660862, 995171331, 2063367937, 552043887, 307691365, 111784004, 635654137, 808451931, 550561558, 677992020, 6827448, 979302367, 724633403, 2113859116, 1775714085, 1948380669]
gen 7
max: 256
avg: 235.06666666666666
best individu: [544977260, 2100936029, 1751333146, 311850484, 545716791, 682846654, 1553335465, 264396547, 1005992773, 1499851271, 897449423, 1103240634, 1161345741, 1858404037, 282636619, 325898933, 394689558, 1149840723, 174441946, 1031425137, 1457636854, 1429159693, 1701613995, 426871246, 478021647, 326550064, 1780719282, 1636366833, 1443356354, 1802521738, 1140790243, 963513616, 1136609164, 11974310, 526621276, 1357082818, 1932715074, 1379689546, 574482327, 1593923102, 428465566, 1361334651, 1915027684, 1636520180, 2109835124, 1185443663, 1665866752, 1265395591, 1788059346, 1927334673, 1643558557, 476046257, 1894969992, 1939665906, 306198626, 858301573, 868055003, 293623586, 565059630, 62840574, 1547915335, 1617788677, 634378575, 219402791, 264814413, 828818385, 1177204699, 550565531, 847137487, 297807800, 1385102802, 789652602, 2128569356, 1306934924, 313320635]
gen 8
max: 256
avg: 236.76666666666668
best individu: [544977260, 2100936029, 1751333146, 311850484, 545716791, 682846654, 1553335465, 264396547, 1005992773, 1499851271, 897449423, 1103240634, 1161345741, 1858404037, 282636619, 325898933, 394689558, 1149840723, 174441946, 1031425137, 1457636854, 1429159693, 1701613995, 426871246, 478021647, 326550064, 1780719282, 1636366833, 1443356354, 1802521738, 1140790243, 963513616, 1136609164, 11974310, 526621276, 1357082818, 1932715074, 1379689546, 574482327, 1593923102, 428465566, 1361334651, 1915027684, 1636520180, 2109835124, 1185443663, 1665866752, 1265395591, 1788059346, 1927334673, 1643558557, 476046257, 1894969992, 1939665906, 306198626, 858301573, 868055003, 293623586, 565059630, 62840574, 1547915335, 1617788677, 634378575, 219402791, 264814413, 828818385, 1177204699, 550565531, 847137487, 297807800, 1385102802, 789652602, 2128569356, 1306934924, 313320635]
gen 9
max: 256
avg: 237.23333333333332
best individu: [544977260, 2100936029, 1751333146, 311850484, 545716791, 682846654, 1553335465, 264396547, 1005992773, 1499851271, 897449423, 1103240634, 1161345741, 1858404037, 282636619, 325898933, 394689558, 1149840723, 174441946, 1031425137, 1457636854, 1429159693, 1701613995, 426871246, 478021647, 326550064, 1780719282, 1636366833, 1443356354, 1802521738, 1140790243, 963513616, 1136609164, 11974310, 526621276, 1357082818, 1932715074, 1379689546, 574482327, 1593923102, 428465566, 1361334651, 1915027684, 1636520180, 2109835124, 1185443663, 1665866752, 1265395591, 1788059346, 1927334673, 1643558557, 476046257, 1894969992, 1939665906, 306198626, 858301573, 868055003, 293623586, 565059630, 62840574, 1547915335, 1617788677, 634378575, 219402791, 264814413, 828818385, 1177204699, 550565531, 847137487, 297807800, 1385102802, 789652602, 2128569356, 1306934924, 313320635]
gen 10
max: 256
avg: 239.0
best individu: [544977260, 2100936029, 1751333146, 311850484, 545716791, 682846654, 1553335465, 264396547, 1005992773, 1499851271, 897449423, 1103240634, 1161345741, 1858404037, 282636619, 325898933, 394689558, 1149840723, 174441946, 1031425137, 1457636854, 1429159693, 1701613995, 426871246, 478021647, 326550064, 1780719282, 1636366833, 1443356354, 1802521738, 1140790243, 963513616, 1136609164, 11974310, 526621276, 1357082818, 1932715074, 1379689546, 574482327, 1593923102, 428465566, 1361334651, 1915027684, 1636520180, 2109835124, 1185443663, 1665866752, 1265395591, 1788059346, 1927334673, 1643558557, 476046257, 1894969992, 1939665906, 306198626, 858301573, 868055003, 293623586, 565059630, 62840574, 1547915335, 1617788677, 634378575, 219402791, 264814413, 828818385, 1177204699, 550565531, 847137487, 297807800, 1385102802, 789652602, 2128569356, 1306934924, 313320635]
gen 11
max: 269
avg: 244.86666666666667
best individu: [1626042740, 2100934999, 1793272440, 1349841270, 614922881, 549350076, 2090635576, 1187732332, 1404759931, 1298520915, 896366058, 33003448, 78396363, 781630145, 281589524, 325898405, 197581910, 145309009, 191152451, 754584698, 1424016697, 1009516297, 1728894255, 324497101, 889071903, 477381890, 1663274187, 1271462293, 1183252422, 1131464850, 133084131, 969312471, 1536638852, 1358304990, 691519068, 1441363146, 1932777314, 1400827147, 717013656, 240089881, 487452435, 288379199, 845484241, 554324596, 1028376421, 1654672221, 736271889, 1500904078, 2125486814, 1088522817, 1102325642, 709297584, 1222685322, 1469872994, 1375895290, 829155477, 62390239, 2041779763, 1972334509, 61726430, 1515404547, 2057141249, 32997739, 185774959, 246135044, 826789881, 839889499, 15787792, 543807070, 556543352, 845084119, 598738747, 2113858620, 1842820909, 1956750585]
gen 12
max: 269
avg: 246.93333333333334
best individu: [1626042740, 2100934999, 1793272440, 1349841270, 614922881, 549350076, 2090635576, 1187732332, 1404759931, 1298520915, 896366058, 33003448, 78396363, 781630145, 281589524, 325898405, 197581910, 145309009, 191152451, 754584698, 1424016697, 1009516297, 1728894255, 324497101, 889071903, 477381890, 1663274187, 1271462293, 1183252422, 1131464850, 133084131, 969312471, 1536638852, 1358304990, 691519068, 1441363146, 1932777314, 1400827147, 717013656, 240089881, 487452435, 288379199, 845484241, 554324596, 1028376421, 1654672221, 736271889, 1500904078, 2125486814, 1088522817, 1102325642, 709297584, 1222685322, 1469872994, 1375895290, 829155477, 62390239, 2041779763, 1972334509, 61726430, 1515404547, 2057141249, 32997739, 185774959, 246135044, 826789881, 839889499, 15787792, 543807070, 556543352, 845084119, 598738747, 2113858620, 1842820909, 1956750585]
gen 13
max: 270
avg: 249.6
best individu: [1659597158, 2098837783, 1793206904, 1348788598, 612825760, 566131384, 2090602680, 1187601260, 1538981721, 225770323, 879588850, 24548794, 78396363, 781646561, 281585532, 334295205, 730788934, 1753824593, 660914627, 754601082, 1424081208, 1027342089, 1712117179, 458297289, 754846109, 343164162, 1663274235, 1539898783, 1309081542, 1114785946, 652915683, 835094997, 1536630660, 1358304990, 691449436, 1401509066, 859493986, 1400661835, 733921944, 240089881, 487451923, 288387451, 845484241, 556421748, 2102101863, 1654670175, 727948817, 1232461710, 1720720095, 1927318081, 1101407114, 1783072176, 1088467594, 329018210, 1375894770, 829089940, 28833759, 1890652731, 1972203437, 61660894, 1515404547, 2057141761, 16221550, 441644911, 246003972, 895963129, 841987675, 15787794, 677992022, 560475448, 845084119, 732956475, 2113858604, 1842820909, 1948362237]
gen 14
max: 270
avg: 251.9
best individu: [1659597158, 2098837783, 1793206904, 1348788598, 612825760, 566131384, 2090602680, 1187601260, 1538981721, 225770323, 879588850, 24548794, 78396363, 781646561, 281585532, 334295205, 730788934, 1753824593, 660914627, 754601082, 1424081208, 1027342089, 1712117179, 458297289, 754846109, 343164162, 1663274235, 1539898783, 1309081542, 1114785946, 652915683, 835094997, 1536630660, 1358304990, 691449436, 1401509066, 859493986, 1400661835, 733921944, 240089881, 487451923, 288387451, 845484241, 556421748, 2102101863, 1654670175, 727948817, 1232461710, 1720720095, 1927318081, 1101407114, 1783072176, 1088467594, 329018210, 1375894770, 829089940, 28833759, 1890652731, 1972203437, 61660894, 1515404547, 2057141761, 16221550, 441644911, 246003972, 895963129, 841987675, 15787794, 677992022, 560475448, 845084119, 732956475, 2113858604, 1842820909, 1948362237]
gen 15
max: 270
avg: 252.66666666666666
best individu: [1659597158, 2098837783, 1793206904, 1348788598, 612825760, 566131384, 2090602680, 1187601260, 1538981721, 225770323, 879588850, 24548794, 78396363, 781646561, 281585532, 334295205, 730788934, 1753824593, 660914627, 754601082, 1424081208, 1027342089, 1712117179, 458297289, 754846109, 343164162, 1663274235, 1539898783, 1309081542, 1114785946, 652915683, 835094997, 1536630660, 1358304990, 691449436, 1401509066, 859493986, 1400661835, 733921944, 240089881, 487451923, 288387451, 845484241, 556421748, 2102101863, 1654670175, 727948817, 1232461710, 1720720095, 1927318081, 1101407114, 1783072176, 1088467594, 329018210, 1375894770, 829089940, 28833759, 1890652731, 1972203437, 61660894, 1515404547, 2057141761, 16221550, 441644911, 246003972, 895963129, 841987675, 15787794, 677992022, 560475448, 845084119, 732956475, 2113858604, 1842820909, 1948362237]
gen 16
max: 270
avg: 255.8
best individu: [1659597158, 2098837783, 1793206904, 1348788598, 612825760, 566131384, 2090602680, 1187601260, 1538981721, 225770323, 879588850, 24548794, 78396363, 781646561, 281585532, 334295205, 730788934, 1753824593, 660914627, 754601082, 1424081208, 1027342089, 1712117179, 458297289, 754846109, 343164162, 1663274235, 1539898783, 1309081542, 1114785946, 652915683, 835094997, 1536630660, 1358304990, 691449436, 1401509066, 859493986, 1400661835, 733921944, 240089881, 487451923, 288387451, 845484241, 556421748, 2102101863, 1654670175, 727948817, 1232461710, 1720720095, 1927318081, 1101407114, 1783072176, 1088467594, 329018210, 1375894770, 829089940, 28833759, 1890652731, 1972203437, 61660894, 1515404547, 2057141761, 16221550, 441644911, 246003972, 895963129, 841987675, 15787794, 677992022, 560475448, 845084119, 732956475, 2113858604, 1842820909, 1948362237]
gen 17
max: 270
avg: 257.43333333333334
best individu: [1659597158, 2098837783, 1793206904, 1348788598, 612825760, 566131384, 2090602680, 1187601260, 1538981721, 225770323, 879588850, 24548794, 78396363, 781646561, 281585532, 334295205, 730788934, 1753824593, 660914627, 754601082, 1424081208, 1027342089, 1712117179, 458297289, 754846109, 343164162, 1663274235, 1539898783, 1309081542, 1114785946, 652915683, 835094997, 1536630660, 1358304990, 691449436, 1401509066, 859493986, 1400661835, 733921944, 240089881, 487451923, 288387451, 845484241, 556421748, 2102101863, 1654670175, 727948817, 1232461710, 1720720095, 1927318081, 1101407114, 1783072176, 1088467594, 329018210, 1375894770, 829089940, 28833759, 1890652731, 1972203437, 61660894, 1515404547, 2057141761, 16221550, 441644911, 246003972, 895963129, 841987675, 15787794, 677992022, 560475448, 845084119, 732956475, 2113858604, 1842820909, 1948362237]
gen 18
max: 271
avg: 263.1666666666667
best individu: [810275173, 1966718297, 1860630864, 1342481790, 746879655, 549055230, 1956516893, 264657453, 192558945, 1500838487, 896394743, 1095015866, 69515977, 772569829, 315209162, 1399454253, 296120390, 1955147091, 711311763, 1215986787, 1289872635, 1903688637, 1728878979, 426872286, 1019087437, 393635632, 1073974867, 999291295, 2047147586, 1209025690, 1254073059, 702979348, 60235656, 163460254, 423003996, 1369536714, 590533954, 1378772571, 121029533, 509696780, 193584402, 1365262719, 1715798253, 566379220, 1027642915, 1185047391, 1260489809, 192762243, 1788008986, 1658883793, 1370956733, 2085045681, 1760720010, 832336742, 1510504802, 925542471, 1991735263, 2021660275, 896476974, 66048750, 2135519235, 2053996295, 567722095, 89643623, 109687112, 1027787760, 1026555227, 550565719, 946796226, 27339688, 987690490, 185664824, 2147410956, 1304866604, 379962519]
gen 19
max: 347
avg: 269.5
best individu: [613151094, 1964587357, 1794337400, 1355080052, 612694694, 12155581, 1553731769, 239164268, 1262370681, 225768019, 875427318, 23434682, 79576009, 781646561, 281585528, 334291109, 999191558, 1221144403, 610714051, 1761234042, 1156677690, 1027340937, 1649186203, 420548361, 754845981, 510936848, 1646497515, 466419101, 1241841602, 1110591514, 1726714851, 567184084, 2078236544, 1492522718, 154570332, 1401517250, 591025858, 1399615275, 799982236, 240089869, 521006355, 1529897467, 885330065, 555963092, 2102101879, 1386366847, 593600339, 1231412247, 1855101659, 1995476545, 1101931289, 1784645041, 1625340110, 329016162, 2047490210, 858433669, 62291679, 1888556571, 1972186925, 61136638, 1530992643, 2063367681, 551519598, 441909093, 115978308, 568545275, 808451931, 551085846, 141260372, 552086936, 979302367, 729810747, 2113859084, 1238841093, 1948345853]
gen 20
max: 347
avg: 270.6666666666667
best individu: [613151094, 1964587357, 1794337400, 1355080052, 612694694, 12155581, 1553731769, 239164268, 1262370681, 225768019, 875427318, 23434682, 79576009, 781646561, 281585528, 334291109, 999191558, 1221144403, 610714051, 1761234042, 1156677690, 1027340937, 1649186203, 420548361, 754845981, 510936848, 1646497515, 466419101, 1241841602, 1110591514, 1726714851, 567184084, 2078236544, 1492522718, 154570332, 1401517250, 591025858, 1399615275, 799982236, 240089869, 521006355, 1529897467, 885330065, 555963092, 2102101879, 1386366847, 593600339, 1231412247, 1855101659, 1995476545, 1101931289, 1784645041, 1625340110, 329016162, 2047490210, 858433669, 62291679, 1888556571, 1972186925, 61136638, 1530992643, 2063367681, 551519598, 441909093, 115978308, 568545275, 808451931, 551085846, 141260372, 552086936, 979302367, 729810747, 2113859084, 1238841093, 1948345853]
gen 21
max: 347
avg: 271.53333333333336
best individu: [613151094, 1964587357, 1794337400, 1355080052, 612694694, 12155581, 1553731769, 239164268, 1262370681, 225768019, 875427318, 23434682, 79576009, 781646561, 281585528, 334291109, 999191558, 1221144403, 610714051, 1761234042, 1156677690, 1027340937, 1649186203, 420548361, 754845981, 510936848, 1646497515, 466419101, 1241841602, 1110591514, 1726714851, 567184084, 2078236544, 1492522718, 154570332, 1401517250, 591025858, 1399615275, 799982236, 240089869, 521006355, 1529897467, 885330065, 555963092, 2102101879, 1386366847, 593600339, 1231412247, 1855101659, 1995476545, 1101931289, 1784645041, 1625340110, 329016162, 2047490210, 858433669, 62291679, 1888556571, 1972186925, 61136638, 1530992643, 2063367681, 551519598, 441909093, 115978308, 568545275, 808451931, 551085846, 141260372, 552086936, 979302367, 729810747, 2113859084, 1238841093, 1948345853]
gen 22
max: 347
avg: 272.1333333333333
best individu: [613151094, 1964587357, 1794337400, 1355080052, 612694694, 12155581, 1553731769, 239164268, 1262370681, 225768019, 875427318, 23434682, 79576009, 781646561, 281585528, 334291109, 999191558, 1221144403, 610714051, 1761234042, 1156677690, 1027340937, 1649186203, 420548361, 754845981, 510936848, 1646497515, 466419101, 1241841602, 1110591514, 1726714851, 567184084, 2078236544, 1492522718, 154570332, 1401517250, 591025858, 1399615275, 799982236, 240089869, 521006355, 1529897467, 885330065, 555963092, 2102101879, 1386366847, 593600339, 1231412247, 1855101659, 1995476545, 1101931289, 1784645041, 1625340110, 329016162, 2047490210, 858433669, 62291679, 1888556571, 1972186925, 61136638, 1530992643, 2063367681, 551519598, 441909093, 115978308, 568545275, 808451931, 551085846, 141260372, 552086936, 979302367, 729810747, 2113859084, 1238841093, 1948345853]
