Params(1200, 30, 20, 0.15, 5, 3, 40)
gen 1
max: 230
avg: 35.7
best individu: [425469396, 1827169822, 1435404951, 221528158, 538045336, 841548556, 253157281, 1064361634, 608218921, 604438610, 737725783, 776066630, 229007157, 1459076169, 2145388731, 596469889, 574858304, 508066993, 629071405, 1177255160, 2025637759, 828821053, 1476542067, 978790332, 1007649568, 1323397337, 1294747042, 1940136213, 590957865, 982721644, 1787810674, 945305477, 1460206839, 1625947074, 1262530761, 2116995102, 3799870569, 261959020, 644815293, 2103442259, 1185668473, 679923417, 1085774686, 1778875208, 179798190, 1150838687, 1023360943, 483244947, 1913066239, 3399318724, 1081148338, 1106137491, 1859057600, 1150938082, 1592934028, 163086657, 734749643, 185956145, 2012693027, 1960971075, 716899613, 1448583287, 1589811228, 859690666, 1783023817, 383188371, 1631911351, 1653211688, 419434061, 741682816, 85443588, 490166765, 1226609832, 2123653667, 630796898]
gen 2
max: 244
avg: 54.06666666666667
best individu: [1832830974, 1688779428, 890167622, 1310670923, 542829372, 861776652, 2007930821, 206573218, 608971657, 1142886506, 1003282039, 2054148986, 2280029481, 1588802650, 2078448187, 2069458058, 809692225, 1369783714, 1096325164, 8995212, 1087981496, 928994299, 1563703679, 646518558, 1003954983, 1803694475, 1481006334, 1004808414, 1069971161, 870016158, 1839057258, 1880154927, 1029937639, 1923177929, 440949355, 990792111, 1715258731, 657328891, 1774521870, 1398516081, 1168606409, 952540913, 571985573, 2024237944, 265261608, 1318121159, 1012207781, 721329043, 1662821022, 1377424864, 1886647172, 1160863225, 102026682, 1128174819, 732632324, 1243692008, 2063066911, 1208232607, 1993687638, 776716623, 1605309754, 1110757973, 1313443998, 1966315484, 1393478988, 2026364293, 1293243891, 765605640, 1517569418, 1626803593, 724539217, 1595366317, 2039268, 765291141, 1838690930]
gen 3
max: 251
avg: 102.63333333333334
best individu: [1306277758, 1143511717, 1968060686, 792479815, 541780788, 912108300, 664704903, 225444494, 1816734248, 67997766, 1540677431, 1047190394, 1334213901, 1173830731, 1609207979, 1730855, 810200129, 1369652514, 1096603821, 1199804556, 1425622960, 861802811, 1495940439, 877860541, 2035229503, 1858802638, 1623197818, 996419742, 711095033, 853195992, 2023617321, 848421769, 895707623, 1390429120, 2328347241, 1865288589, 121390121, 676245499, 1775082695, 1464445811, 1436979177, 1044893433, 552069145, 2056735672, 248222380, 261750767, 1482035365, 552573619, 1671283710, 270091760, 1618064015, 120684105, 1184160920, 1115336707, 413732100, 1211734795, 1693460366, 1209291677, 1989427920, 1045135688, 1591811006, 1379193465, 1273598111, 1907613076, 1528712140, 2027392385, 1842628083, 1823683336, 1558447502, 1626804129, 729782128, 1561811887, 538647654, 1302096037, 2140680800]
gen 4
max: 251
avg: 171.83333333333334
best individu: [1306277758, 1143511717, 1968060686, 792479815, 541780788, 912108300, 664704903, 225444494, 1816734248, 67997766, 1540677431, 1047190394, 1334213901, 1173830731, 1609207979, 1730855, 810200129, 1369652514, 1096603821, 1199804556, 1425622960, 861802811, 1495940439, 877860541, 2035229503, 1858802638, 1623197818, 996419742, 711095033, 853195992, 2023617321, 848421769, 895707623, 1390429120, 2328347241, 1865288589, 121390121, 676245499, 1775082695, 1464445811, 1436979177, 1044893433, 552069145, 2056735672, 248222380, 261750767, 1482035365, 552573619, 1671283710, 270091760, 1618064015, 120684105, 1184160920, 1115336707, 413732100, 1211734795, 1693460366, 1209291677, 1989427920, 1045135688, 1591811006, 1379193465, 1273598111, 1907613076, 1528712140, 2027392385, 1842628083, 1823683336, 1558447502, 1626804129, 729782128, 1561811887, 538647654, 1302096037, 2140680800]
gen 5
max: 251
avg: 235.63333333333333
best individu: [1306277758, 1143511717, 1968060686, 792479815, 541780788, 912108300, 664704903, 225444494, 1816734248, 67997766, 1540677431, 1047190394, 1334213901, 1173830731, 1609207979, 1730855, 810200129, 1369652514, 1096603821, 1199804556, 1425622960, 861802811, 1495940439, 877860541, 2035229503, 1858802638, 1623197818, 996419742, 711095033, 853195992, 2023617321, 848421769, 895707623, 1390429120, 2328347241, 1865288589, 121390121, 676245499, 1775082695, 1464445811, 1436979177, 1044893433, 552069145, 2056735672, 248222380, 261750767, 1482035365, 552573619, 1671283710, 270091760, 1618064015, 120684105, 1184160920, 1115336707, 413732100, 1211734795, 1693460366, 1209291677, 1989427920, 1045135688, 1591811006, 1379193465, 1273598111, 1907613076, 1528712140, 2027392385, 1842628083, 1823683336, 1558447502, 1626804129, 729782128, 1561811887, 538647654, 1302096037, 2140680800]
gen 6
max: 251
avg: 236.66666666666666
best individu: [1306277758, 1143511717, 1968060686, 792479815, 541780788, 912108300, 664704903, 225444494, 1816734248, 67997766, 1540677431, 1047190394, 1334213901, 1173830731, 1609207979, 1730855, 810200129, 1369652514, 1096603821, 1199804556, 1425622960, 861802811, 1495940439, 877860541, 2035229503, 1858802638, 1623197818, 996419742, 711095033, 853195992, 2023617321, 848421769, 895707623, 1390429120, 2328347241, 1865288589, 121390121, 676245499, 1775082695, 1464445811, 1436979177, 1044893433, 552069145, 2056735672, 248222380, 261750767, 1482035365, 552573619, 1671283710, 270091760, 1618064015, 120684105, 1184160920, 1115336707, 413732100, 1211734795, 1693460366, 1209291677, 1989427920, 1045135688, 1591811006, 1379193465, 1273598111, 1907613076, 1528712140, 2027392385, 1842628083, 1823683336, 1558447502, 1626804129, 729782128, 1561811887, 538647654, 1302096037, 2140680800]
gen 7
max: 251
avg: 239.16666666666666
best individu: [1306277758, 1143511717, 1968060686, 792479815, 541780788, 912108300, 664704903, 225444494, 1816734248, 67997766, 1540677431, 1047190394, 1334213901, 1173830731, 1609207979, 1730855, 810200129, 1369652514, 1096603821, 1199804556, 1425622960, 861802811, 1495940439, 877860541, 2035229503, 1858802638, 1623197818, 996419742, 711095033, 853195992, 2023617321, 848421769, 895707623, 1390429120, 2328347241, 1865288589, 121390121, 676245499, 1775082695, 1464445811, 1436979177, 1044893433, 552069145, 2056735672, 248222380, 261750767, 1482035365, 552573619, 1671283710, 270091760, 1618064015, 120684105, 1184160920, 1115336707, 413732100, 1211734795, 1693460366, 1209291677, 1989427920, 1045135688, 1591811006, 1379193465, 1273598111, 1907613076, 1528712140, 2027392385, 1842628083, 1823683336, 1558447502, 1626804129, 729782128, 1561811887, 538647654, 1302096037, 2140680800]
gen 8
max: 251
avg: 240.33333333333334
best individu: [1306277758, 1143511717, 1968060686, 792479815, 541780788, 912108300, 664704903, 225444494, 1816734248, 67997766, 1540677431, 1047190394, 1334213901, 1173830731, 1609207979, 1730855, 810200129, 1369652514, 1096603821, 1199804556, 1425622960, 861802811, 1495940439, 877860541, 2035229503, 1858802638, 1623197818, 996419742, 711095033, 853195992, 2023617321, 848421769, 895707623, 1390429120, 2328347241, 1865288589, 121390121, 676245499, 1775082695, 1464445811, 1436979177, 1044893433, 552069145, 2056735672, 248222380, 261750767, 1482035365, 552573619, 1671283710, 270091760, 1618064015, 120684105, 1184160920, 1115336707, 413732100, 1211734795, 1693460366, 1209291677, 1989427920, 1045135688, 1591811006, 1379193465, 1273598111, 1907613076, 1528712140, 2027392385, 1842628083, 1823683336, 1558447502, 1626804129, 729782128, 1561811887, 538647654, 1302096037, 2140680800]
gen 9
max: 252
avg: 242.36666666666667
best individu: [1308505982, 1823006364, 1963893511, 253511755, 537455420, 912100108, 261529477, 89129638, 1816931881, 1074724934, 1274338615, 779082366, 1166442253, 1189297755, 2146048171, 147598607, 542805057, 1372798368, 25024557, 1737198844, 1082673016, 927417019, 1479949399, 3160090300, 957326143, 1856712907, 1350600954, 1000612062, 792359801, 986938584, 1754267518, 848425867, 902490339, 1352682432, 172147305, 2116962574, 3325912425, 697216894, 1632050407, 1465887059, 1436977641, 977784569, 1618463295, 1779919784, 249270828, 1167683467, 1482103975, 754883473, 1665134748, 2619229664, 1081193102, 1127698507, 1313267096, 1114289667, 1269378244, 136887083, 1844766670, 1511804857, 4143268593, 743080267, 1592333119, 1194709083, 1523161119, 1907597204, 1259228364, 2028969347, 1225096691, 1687302696, 300172750, 546711721, 725587796, 1595366383, 13571308, 228419749, 1872245362]
gen 10
max: 252
avg: 245.06666666666666
best individu: [1308505982, 1823006364, 1963893511, 253511755, 537455420, 912100108, 261529477, 89129638, 1816931881, 1074724934, 1274338615, 779082366, 1166442253, 1189297755, 2146048171, 147598607, 542805057, 1372798368, 25024557, 1737198844, 1082673016, 927417019, 1479949399, 3160090300, 957326143, 1856712907, 1350600954, 1000612062, 792359801, 986938584, 1754267518, 848425867, 902490339, 1352682432, 172147305, 2116962574, 3325912425, 697216894, 1632050407, 1465887059, 1436977641, 977784569, 1618463295, 1779919784, 249270828, 1167683467, 1482103975, 754883473, 1665134748, 2619229664, 1081193102, 1127698507, 1313267096, 1114289667, 1269378244, 136887083, 1844766670, 1511804857, 4143268593, 743080267, 1592333119, 1194709083, 1523161119, 1907597204, 1259228364, 2028969347, 1225096691, 1687302696, 300172750, 546711721, 725587796, 1595366383, 13571308, 228419749, 1872245362]
gen 11
max: 252
avg: 246.9
best individu: [1308505982, 1823006364, 1963893511, 253511755, 537455420, 912100108, 261529477, 89129638, 1816931881, 1074724934, 1274338615, 779082366, 1166442253, 1189297755, 2146048171, 147598607, 542805057, 1372798368, 25024557, 1737198844, 1082673016, 927417019, 1479949399, 3160090300, 957326143, 1856712907, 1350600954, 1000612062, 792359801, 986938584, 1754267518, 848425867, 902490339, 1352682432, 172147305, 2116962574, 3325912425, 697216894, 1632050407, 1465887059, 1436977641, 977784569, 1618463295, 1779919784, 249270828, 1167683467, 1482103975, 754883473, 1665134748, 2619229664, 1081193102, 1127698507, 1313267096, 1114289667, 1269378244, 136887083, 1844766670, 1511804857, 4143268593, 743080267, 1592333119, 1194709083, 1523161119, 1907597204, 1259228364, 2028969347, 1225096691, 1687302696, 300172750, 546711721, 725587796, 1595366383, 13571308, 228419749, 1872245362]
gen 12
max: 254
avg: 249.0
best individu: [425469396, 1827169822, 1435404951, 756314200, 538033048, 573113100, 521592737, 1001921186, 608218921, 872874074, 737725783, 776132167, 228987701, 1456979017, 1340082107, 596469889, 574858305, 508066993, 629071405, 103513328, 2025637759, 828821053, 1476574843, 978790332, 1007649568, 1323399385, 1294747042, 1940136213, 590957865, 3130238060, 1720701299, 810694533, 1460198647, 1626209218, 1262530761, 2116995102, 3799870569, 263794030, 644815293, 2103442259, 1185668473, 679923417, 1087871830, 1778875208, 180322478, 1142450079, 1023295407, 3704470481, 1644630783, 3399318724, 1081148338, 1106137491, 3871735748, 1150938082, 1576156812, 163086657, 734749387, 454391601, 2012676643, 1960971075, 716899613, 1450680631, 1589811228, 993916078, 1783023817, 378862995, 1631911351, 1653211688, 352390729, 741686912, 85443716, 740776429, 1226609832, 2123850259, 630796898]
gen 13
max: 254
avg: 249.8
best individu: [425469396, 1827169822, 1435404951, 756314200, 538033048, 573113100, 521592737, 1001921186, 608218921, 872874074, 737725783, 776132167, 228987701, 1456979017, 1340082107, 596469889, 574858305, 508066993, 629071405, 103513328, 2025637759, 828821053, 1476574843, 978790332, 1007649568, 1323399385, 1294747042, 1940136213, 590957865, 3130238060, 1720701299, 810694533, 1460198647, 1626209218, 1262530761, 2116995102, 3799870569, 263794030, 644815293, 2103442259, 1185668473, 679923417, 1087871830, 1778875208, 180322478, 1142450079, 1023295407, 3704470481, 1644630783, 3399318724, 1081148338, 1106137491, 3871735748, 1150938082, 1576156812, 163086657, 734749387, 454391601, 2012676643, 1960971075, 716899613, 1450680631, 1589811228, 993916078, 1783023817, 378862995, 1631911351, 1653211688, 352390729, 741686912, 85443716, 740776429, 1226609832, 2123850259, 630796898]
gen 14
max: 254
avg: 250.76666666666668
best individu: [425469396, 1827169822, 1435404951, 756314200, 538033048, 573113100, 521592737, 1001921186, 608218921, 872874074, 737725783, 776132167, 228987701, 1456979017, 1340082107, 596469889, 574858305, 508066993, 629071405, 103513328, 2025637759, 828821053, 1476574843, 978790332, 1007649568, 1323399385, 1294747042, 1940136213, 590957865, 3130238060, 1720701299, 810694533, 1460198647, 1626209218, 1262530761, 2116995102, 3799870569, 263794030, 644815293, 2103442259, 1185668473, 679923417, 1087871830, 1778875208, 180322478, 1142450079, 1023295407, 3704470481, 1644630783, 3399318724, 1081148338, 1106137491, 3871735748, 1150938082, 1576156812, 163086657, 734749387, 454391601, 2012676643, 1960971075, 716899613, 1450680631, 1589811228, 993916078, 1783023817, 378862995, 1631911351, 1653211688, 352390729, 741686912, 85443716, 740776429, 1226609832, 2123850259, 630796898]
