Params(1200, 30, 20, 0.15, 3, 3, 40)
gen 1
max: 233
avg: 48.166666666666664
best individu: [1476953924, 1351811855, 565691917, 1189782573, 1806657688, 285648925, 549583654, 195381492, 1130969601, 63556440, 616344502, 225078776, 1909061338, 1239262479, 622293885, 2089787058, 3083046232, 1635997236, 378511400, 1918169870, 1290698914, 567172251, 956618045, 177005681, 22934602, 1268446817, 41970256, 2036023099, 1578824535, 2043675731, 1186038253, 821310365, 141393239, 932789265, 285181671, 487969507, 40846898, 644316313, 1582275394, 208477362, 1906209406, 1343766592, 1539963455, 1095437951, 1833919721, 585293966, 898689530, 983810620, 899574649, 1663223656, 1625553894, 606021010, 570377970, 1195465525, 1672882920, 1447601364, 1451447297, 270442533, 527156592, 172517023, 1906713738, 520824103, 1566591514, 682417785, 1718307787, 1239041538, 2064500374, 246499875, 1921422982, 1192648513, 1203823336, 226863491, 14732793, 455449919, 2138453015]
gen 2
max: 235
avg: 127.16666666666667
best individu: [2138546695, 2105940067, 1430959790, 1128021583, 1789768480, 1235749401, 663772652, 1008003149, 906447438, 115151854, 1554158484, 1486482257, 2057056938, 1894406418, 160697834, 703237418, 1850916527, 381262838, 1494296844, 366093938, 1728446112, 51665545, 1493919816, 2091413301, 1030620527, 1709036234, 172306606, 1926762865, 1756052217, 518747944, 970741261, 1444776610, 1512309017, 370210484, 1206489059, 988200120, 167262288, 1119519567, 2000175945, 1649429534, 189467420, 292344006, 702588593, 63425772, 223896372, 192168086, 701905209, 1370950917, 382169921, 1877688051, 1899624927, 1040970268, 1657277804, 1931088380, 1615887989, 339957410, 1600428726, 271729250, 1445973499, 1498138426, 558167740, 1484796577, 2360517926, 88796214, 993285852, 458893938, 724795186, 4198192774, 2033154881, 1324585347, 1302636221, 1941744092, 897539595, 164877828, 1187252741]
gen 3
max: 240
avg: 213.56666666666666
best individu: [1577621316, 1352598285, 564643341, 1187548237, 2074961928, 268870748, 680620838, 1269122276, 1667836417, 29983320, 477530774, 225340922, 1909061338, 1235197199, 622277501, 1552916146, 3217787993, 1638553140, 382705960, 1918432014, 1290764450, 1640912537, 956685629, 179102833, 22934603, 1268504097, 42035792, 2035900219, 1528484436, 2043970898, 1186038252, 821375900, 141408597, 898709585, 1459586727, 487969379, 40846898, 876968073, 1449107202, 208493746, 1906209406, 1343774792, 1539963455, 1095437951, 1775199465, 652386446, 898673146, 849595964, 1973300057, 1126351464, 954453730, 640623506, 570388146, 107305909, 1672882920, 1447617748, 243520513, 270442535, 527156592, 46842495, 1906631818, 1561701419, 1432373786, 573070973, 1718242251, 1239025154, 2030945942, 263537187, 1988597654, 1192648449, 1204872936, 226863490, 14863609, 992287807, 2120906582]
gen 4
max: 240
avg: 233.63333333333333
best individu: [1577621316, 1352598285, 564643341, 1187548237, 2074961928, 268870748, 680620838, 1269122276, 1667836417, 29983320, 477530774, 225340922, 1909061338, 1235197199, 622277501, 1552916146, 3217787993, 1638553140, 382705960, 1918432014, 1290764450, 1640912537, 956685629, 179102833, 22934603, 1268504097, 42035792, 2035900219, 1528484436, 2043970898, 1186038252, 821375900, 141408597, 898709585, 1459586727, 487969379, 40846898, 876968073, 1449107202, 208493746, 1906209406, 1343774792, 1539963455, 1095437951, 1775199465, 652386446, 898673146, 849595964, 1973300057, 1126351464, 954453730, 640623506, 570388146, 107305909, 1672882920, 1447617748, 243520513, 270442535, 527156592, 46842495, 1906631818, 1561701419, 1432373786, 573070973, 1718242251, 1239025154, 2030945942, 263537187, 1988597654, 1192648449, 1204872936, 226863490, 14863609, 992287807, 2120906582]
gen 5
max: 240
avg: 234.23333333333332
best individu: [1577621316, 1352598285, 564643341, 1187548237, 2074961928, 268870748, 680620838, 1269122276, 1667836417, 29983320, 477530774, 225340922, 1909061338, 1235197199, 622277501, 1552916146, 3217787993, 1638553140, 382705960, 1918432014, 1290764450, 1640912537, 956685629, 179102833, 22934603, 1268504097, 42035792, 2035900219, 1528484436, 2043970898, 1186038252, 821375900, 141408597, 898709585, 1459586727, 487969379, 40846898, 876968073, 1449107202, 208493746, 1906209406, 1343774792, 1539963455, 1095437951, 1775199465, 652386446, 898673146, 849595964, 1973300057, 1126351464, 954453730, 640623506, 570388146, 107305909, 1672882920, 1447617748, 243520513, 270442535, 527156592, 46842495, 1906631818, 1561701419, 1432373786, 573070973, 1718242251, 1239025154, 2030945942, 263537187, 1988597654, 1192648449, 1204872936, 226863490, 14863609, 992287807, 2120906582]
gen 6
max: 240
avg: 234.73333333333332
best individu: [1577621316, 1352598285, 564643341, 1187548237, 2074961928, 268870748, 680620838, 1269122276, 1667836417, 29983320, 477530774, 225340922, 1909061338, 1235197199, 622277501, 1552916146, 3217787993, 1638553140, 382705960, 1918432014, 1290764450, 1640912537, 956685629, 179102833, 22934603, 1268504097, 42035792, 2035900219, 1528484436, 2043970898, 1186038252, 821375900, 141408597, 898709585, 1459586727, 487969379, 40846898, 876968073, 1449107202, 208493746, 1906209406, 1343774792, 1539963455, 1095437951, 1775199465, 652386446, 898673146, 849595964, 1973300057, 1126351464, 954453730, 640623506, 570388146, 107305909, 1672882920, 1447617748, 243520513, 270442535, 527156592, 46842495, 1906631818, 1561701419, 1432373786, 573070973, 1718242251, 1239025154, 2030945942, 263537187, 1988597654, 1192648449, 1204872936, 226863490, 14863609, 992287807, 2120906582]
