Params(1200, 50, 20, 0.15, 3, 3, 40)
gen 1
max: 231
avg: 34.74
best individu: [1022602039, 683561812, 615342073, 696686542, 513899099, 1734986424, 1750674362, 633644542, 1002231539, 1999253051, 1640263533, 1459985596, 1284460726, 87215708, 482729315, 1718541095, 394097730, 1394575414, 1821285849, 406463285, 2036349430, 96140327, 1989297412, 1128021927, 1828594696, 2105737012, 1849883914, 500296797, 299466537, 26685969, 240249512, 1185334709, 2089163716, 1143476339, 968480013, 1558220027, 280204068, 1566526496, 1800555762, 1284323544, 995671302, 1237976619, 1361576925, 495414404, 550173938, 1875973667, 1150288070, 201394268, 1220109591, 1292260536, 224983244, 1363488352, 1409301037, 1777931804, 786714405, 145423428, 703915617, 1168360958, 237478090, 1565269404, 1575823766, 527570947, 700406021, 1225299230, 1199478919, 1069535203, 625938331, 421321598, 1228632531, 1696290865, 510927596, 955115279, 1425206641, 1750593062, 2017760970]
gen 2
max: 231
avg: 37.84
best individu: [1022602039, 683561812, 615342073, 696686542, 513899099, 1734986424, 1750674362, 633644542, 1002231539, 1999253051, 1640263533, 1459985596, 1284460726, 87215708, 482729315, 1718541095, 394097730, 1394575414, 1821285849, 406463285, 2036349430, 96140327, 1989297412, 1128021927, 1828594696, 2105737012, 1849883914, 500296797, 299466537, 26685969, 240249512, 1185334709, 2089163716, 1143476339, 968480013, 1558220027, 280204068, 1566526496, 1800555762, 1284323544, 995671302, 1237976619, 1361576925, 495414404, 550173938, 1875973667, 1150288070, 201394268, 1220109591, 1292260536, 224983244, 1363488352, 1409301037, 1777931804, 786714405, 145423428, 703915617, 1168360958, 237478090, 1565269404, 1575823766, 527570947, 700406021, 1225299230, 1199478919, 1069535203, 625938331, 421321598, 1228632531, 1696290865, 510927596, 955115279, 1425206641, 1750593062, 2017760970]
gen 3
max: 247
avg: 46.98
best individu: [1023019831, 951473941, 1689083899, 696711118, 530677322, 594103032, 1635330970, 1166844346, 1000136435, 1395273274, 1642491757, 1426431164, 1150107678, 87215866, 482728291, 1986976551, 392003158, 1361004670, 1821293976, 414333301, 2044738006, 229307558, 1988781318, 590626723, 1759929994, 1552079412, 2126705948, 2110893149, 366597929, 26678825, 240356010, 1185830325, 2091359168, 1281890419, 2042354985, 1551140793, 414423828, 1499415616, 726863090, 1277030552, 995736871, 1173030539, 285751262, 495414421, 952890619, 1740738595, 1687158999, 203491676, 1224418583, 1225184312, 493418702, 1769811553, 1409309261, 569972381, 784617316, 145423557, 686057072, 1102300670, 187147482, 491527324, 1875184788, 376609283, 692017444, 1745526047, 1165924423, 2141179875, 628068291, 18635615, 1295770002, 1700517941, 1048322797, 149545231, 351333721, 1226271918, 944031450]
gen 4
max: 247
avg: 68.62
best individu: [1023019831, 951473941, 1689083899, 696711118, 530677322, 594103032, 1635330970, 1166844346, 1000136435, 1395273274, 1642491757, 1426431164, 1150107678, 87215866, 482728291, 1986976551, 392003158, 1361004670, 1821293976, 414333301, 2044738006, 229307558, 1988781318, 590626723, 1759929994, 1552079412, 2126705948, 2110893149, 366597929, 26678825, 240356010, 1185830325, 2091359168, 1281890419, 2042354985, 1551140793, 414423828, 1499415616, 726863090, 1277030552, 995736871, 1173030539, 285751262, 495414421, 952890619, 1740738595, 1687158999, 203491676, 1224418583, 1225184312, 493418702, 1769811553, 1409309261, 569972381, 784617316, 145423557, 686057072, 1102300670, 187147482, 491527324, 1875184788, 376609283, 692017444, 1745526047, 1165924423, 2141179875, 628068291, 18635615, 1295770002, 1700517941, 1048322797, 149545231, 351333721, 1226271918, 944031450]
gen 5
max: 247
avg: 93.92
best individu: [1023019831, 951473941, 1689083899, 696711118, 530677322, 594103032, 1635330970, 1166844346, 1000136435, 1395273274, 1642491757, 1426431164, 1150107678, 87215866, 482728291, 1986976551, 392003158, 1361004670, 1821293976, 414333301, 2044738006, 229307558, 1988781318, 590626723, 1759929994, 1552079412, 2126705948, 2110893149, 366597929, 26678825, 240356010, 1185830325, 2091359168, 1281890419, 2042354985, 1551140793, 414423828, 1499415616, 726863090, 1277030552, 995736871, 1173030539, 285751262, 495414421, 952890619, 1740738595, 1687158999, 203491676, 1224418583, 1225184312, 493418702, 1769811553, 1409309261, 569972381, 784617316, 145423557, 686057072, 1102300670, 187147482, 491527324, 1875184788, 376609283, 692017444, 1745526047, 1165924423, 2141179875, 628068291, 18635615, 1295770002, 1700517941, 1048322797, 149545231, 351333721, 1226271918, 944031450]
gen 6
max: 247
avg: 118.76
best individu: [1023019831, 951473941, 1689083899, 696711118, 530677322, 594103032, 1635330970, 1166844346, 1000136435, 1395273274, 1642491757, 1426431164, 1150107678, 87215866, 482728291, 1986976551, 392003158, 1361004670, 1821293976, 414333301, 2044738006, 229307558, 1988781318, 590626723, 1759929994, 1552079412, 2126705948, 2110893149, 366597929, 26678825, 240356010, 1185830325, 2091359168, 1281890419, 2042354985, 1551140793, 414423828, 1499415616, 726863090, 1277030552, 995736871, 1173030539, 285751262, 495414421, 952890619, 1740738595, 1687158999, 203491676, 1224418583, 1225184312, 493418702, 1769811553, 1409309261, 569972381, 784617316, 145423557, 686057072, 1102300670, 187147482, 491527324, 1875184788, 376609283, 692017444, 1745526047, 1165924423, 2141179875, 628068291, 18635615, 1295770002, 1700517941, 1048322797, 149545231, 351333721, 1226271918, 944031450]
gen 7
max: 247
avg: 163.06
best individu: [1023019831, 951473941, 1689083899, 696711118, 530677322, 594103032, 1635330970, 1166844346, 1000136435, 1395273274, 1642491757, 1426431164, 1150107678, 87215866, 482728291, 1986976551, 392003158, 1361004670, 1821293976, 414333301, 2044738006, 229307558, 1988781318, 590626723, 1759929994, 1552079412, 2126705948, 2110893149, 366597929, 26678825, 240356010, 1185830325, 2091359168, 1281890419, 2042354985, 1551140793, 414423828, 1499415616, 726863090, 1277030552, 995736871, 1173030539, 285751262, 495414421, 952890619, 1740738595, 1687158999, 203491676, 1224418583, 1225184312, 493418702, 1769811553, 1409309261, 569972381, 784617316, 145423557, 686057072, 1102300670, 187147482, 491527324, 1875184788, 376609283, 692017444, 1745526047, 1165924423, 2141179875, 628068291, 18635615, 1295770002, 1700517941, 1048322797, 149545231, 351333721, 1226271918, 944031450]
gen 8
max: 247
avg: 221.54
best individu: [1023019831, 951473941, 1689083899, 696711118, 530677322, 594103032, 1635330970, 1166844346, 1000136435, 1395273274, 1642491757, 1426431164, 1150107678, 87215866, 482728291, 1986976551, 392003158, 1361004670, 1821293976, 414333301, 2044738006, 229307558, 1988781318, 590626723, 1759929994, 1552079412, 2126705948, 2110893149, 366597929, 26678825, 240356010, 1185830325, 2091359168, 1281890419, 2042354985, 1551140793, 414423828, 1499415616, 726863090, 1277030552, 995736871, 1173030539, 285751262, 495414421, 952890619, 1740738595, 1687158999, 203491676, 1224418583, 1225184312, 493418702, 1769811553, 1409309261, 569972381, 784617316, 145423557, 686057072, 1102300670, 187147482, 491527324, 1875184788, 376609283, 692017444, 1745526047, 1165924423, 2141179875, 628068291, 18635615, 1295770002, 1700517941, 1048322797, 149545231, 351333721, 1226271918, 944031450]
gen 9
max: 247
avg: 235.52
best individu: [1023019831, 951473941, 1689083899, 696711118, 530677322, 594103032, 1635330970, 1166844346, 1000136435, 1395273274, 1642491757, 1426431164, 1150107678, 87215866, 482728291, 1986976551, 392003158, 1361004670, 1821293976, 414333301, 2044738006, 229307558, 1988781318, 590626723, 1759929994, 1552079412, 2126705948, 2110893149, 366597929, 26678825, 240356010, 1185830325, 2091359168, 1281890419, 2042354985, 1551140793, 414423828, 1499415616, 726863090, 1277030552, 995736871, 1173030539, 285751262, 495414421, 952890619, 1740738595, 1687158999, 203491676, 1224418583, 1225184312, 493418702, 1769811553, 1409309261, 569972381, 784617316, 145423557, 686057072, 1102300670, 187147482, 491527324, 1875184788, 376609283, 692017444, 1745526047, 1165924423, 2141179875, 628068291, 18635615, 1295770002, 1700517941, 1048322797, 149545231, 351333721, 1226271918, 944031450]
gen 10
max: 247
avg: 236.92
best individu: [1023019831, 951473941, 1689083899, 696711118, 530677322, 594103032, 1635330970, 1166844346, 1000136435, 1395273274, 1642491757, 1426431164, 1150107678, 87215866, 482728291, 1986976551, 392003158, 1361004670, 1821293976, 414333301, 2044738006, 229307558, 1988781318, 590626723, 1759929994, 1552079412, 2126705948, 2110893149, 366597929, 26678825, 240356010, 1185830325, 2091359168, 1281890419, 2042354985, 1551140793, 414423828, 1499415616, 726863090, 1277030552, 995736871, 1173030539, 285751262, 495414421, 952890619, 1740738595, 1687158999, 203491676, 1224418583, 1225184312, 493418702, 1769811553, 1409309261, 569972381, 784617316, 145423557, 686057072, 1102300670, 187147482, 491527324, 1875184788, 376609283, 692017444, 1745526047, 1165924423, 2141179875, 628068291, 18635615, 1295770002, 1700517941, 1048322797, 149545231, 351333721, 1226271918, 944031450]
gen 11
max: 254
avg: 238.3
best individu: [1023019831, 951473941, 1689083899, 696711118, 530677322, 577064696, 1903800090, 96248250, 1000136435, 1395273274, 1642491757, 1426431164, 1150111774, 87215866, 482728291, 1986976551, 392003158, 1461667966, 1821293976, 414333301, 3089248746, 229307558, 1988781318, 590626192, 1759932040, 1552079412, 2126705948, 2110893149, 366597929, 26678825, 240356010, 1185830325, 3165100353, 1281890419, 2042354985, 1551140793, 460544788, 1499415616, 726863090, 1277030872, 949075375, 1164641419, 285751262, 495414421, 948171899, 1707184355, 1687158999, 203491676, 1224418583, 1158075448, 493418702, 1769811553, 1409309261, 569972381, 772034404, 145423557, 686057072, 1102300670, 187147482, 491527324, 1875184788, 376609283, 692017444, 1745526047, 1300129863, 2141179619, 628068291, 18635615, 1295770002, 1700517941, 1048322797, 149545231, 351333721, 1226271918, 944031450]
gen 12
max: 254
avg: 239.44
best individu: [1023019831, 951473941, 1689083899, 696711118, 530677322, 577064696, 1903800090, 96248250, 1000136435, 1395273274, 1642491757, 1426431164, 1150111774, 87215866, 482728291, 1986976551, 392003158, 1461667966, 1821293976, 414333301, 3089248746, 229307558, 1988781318, 590626192, 1759932040, 1552079412, 2126705948, 2110893149, 366597929, 26678825, 240356010, 1185830325, 3165100353, 1281890419, 2042354985, 1551140793, 460544788, 1499415616, 726863090, 1277030872, 949075375, 1164641419, 285751262, 495414421, 948171899, 1707184355, 1687158999, 203491676, 1224418583, 1158075448, 493418702, 1769811553, 1409309261, 569972381, 772034404, 145423557, 686057072, 1102300670, 187147482, 491527324, 1875184788, 376609283, 692017444, 1745526047, 1300129863, 2141179619, 628068291, 18635615, 1295770002, 1700517941, 1048322797, 149545231, 351333721, 1226271918, 944031450]
gen 13
max: 254
avg: 240.38
best individu: [1023019831, 951473941, 1689083899, 696711118, 530677322, 577064696, 1903800090, 96248250, 1000136435, 1395273274, 1642491757, 1426431164, 1150111774, 87215866, 482728291, 1986976551, 392003158, 1461667966, 1821293976, 414333301, 3089248746, 229307558, 1988781318, 590626192, 1759932040, 1552079412, 2126705948, 2110893149, 366597929, 26678825, 240356010, 1185830325, 3165100353, 1281890419, 2042354985, 1551140793, 460544788, 1499415616, 726863090, 1277030872, 949075375, 1164641419, 285751262, 495414421, 948171899, 1707184355, 1687158999, 203491676, 1224418583, 1158075448, 493418702, 1769811553, 1409309261, 569972381, 772034404, 145423557, 686057072, 1102300670, 187147482, 491527324, 1875184788, 376609283, 692017444, 1745526047, 1300129863, 2141179619, 628068291, 18635615, 1295770002, 1700517941, 1048322797, 149545231, 351333721, 1226271918, 944031450]
gen 14
max: 254
avg: 241.52
best individu: [1023019831, 951473941, 1689083899, 696711118, 530677322, 577064696, 1903800090, 96248250, 1000136435, 1395273274, 1642491757, 1426431164, 1150111774, 87215866, 482728291, 1986976551, 392003158, 1461667966, 1821293976, 414333301, 3089248746, 229307558, 1988781318, 590626192, 1759932040, 1552079412, 2126705948, 2110893149, 366597929, 26678825, 240356010, 1185830325, 3165100353, 1281890419, 2042354985, 1551140793, 460544788, 1499415616, 726863090, 1277030872, 949075375, 1164641419, 285751262, 495414421, 948171899, 1707184355, 1687158999, 203491676, 1224418583, 1158075448, 493418702, 1769811553, 1409309261, 569972381, 772034404, 145423557, 686057072, 1102300670, 187147482, 491527324, 1875184788, 376609283, 692017444, 1745526047, 1300129863, 2141179619, 628068291, 18635615, 1295770002, 1700517941, 1048322797, 149545231, 351333721, 1226271918, 944031450]
gen 15
max: 254
avg: 242.22
best individu: [1023019831, 951473941, 1689083899, 696711118, 530677322, 577064696, 1903800090, 96248250, 1000136435, 1395273274, 1642491757, 1426431164, 1150111774, 87215866, 482728291, 1986976551, 392003158, 1461667966, 1821293976, 414333301, 3089248746, 229307558, 1988781318, 590626192, 1759932040, 1552079412, 2126705948, 2110893149, 366597929, 26678825, 240356010, 1185830325, 3165100353, 1281890419, 2042354985, 1551140793, 460544788, 1499415616, 726863090, 1277030872, 949075375, 1164641419, 285751262, 495414421, 948171899, 1707184355, 1687158999, 203491676, 1224418583, 1158075448, 493418702, 1769811553, 1409309261, 569972381, 772034404, 145423557, 686057072, 1102300670, 187147482, 491527324, 1875184788, 376609283, 692017444, 1745526047, 1300129863, 2141179619, 628068291, 18635615, 1295770002, 1700517941, 1048322797, 149545231, 351333721, 1226271918, 944031450]
