Params(1200, 50, 10, 0.05, 3, 3, 40)
gen 1
max: 41
avg: 25.7
best individu: [1433028466, 1729779187, 1758964187, 1557588617, 543027845, 840861920, 2100276561, 1096574624, 867647603, 1460680772, 1154671934, 1420518185, 369310145, 5164347, 1888815638, 913795389, 405498891, 855008859, 178315456, 933489374, 202526561, 995035147, 282744509, 179482113, 1061236911, 1981031240, 1629236799, 1144640226, 1467563029, 81021448, 2065363642, 1121231482, 383444418, 1750250200, 942097595, 384348693, 826623279, 637807030, 645889755, 556660519, 960597552, 1126191628, 2018748289, 585671408, 1517404080, 1131799244, 399325798, 1746783056, 1535498795, 1562521381, 227841705, 588330345, 1509222249, 1046911926, 317763978, 1450498113, 164363147, 183188734, 203185066, 163265168, 2037401390, 1762469700, 1829620806, 2017187728, 2137945297, 1144082618, 1668363203, 1195331837, 2044109287, 1825348535, 712949839, 730702074, 1706168959, 1637271447, 1117150241]
gen 2
max: 41
avg: 27.56
best individu: [1433028466, 1729779187, 1758964187, 1557588617, 543027845, 840861920, 2100276561, 1096574624, 867647603, 1460680772, 1154671934, 1420518185, 369310145, 5164347, 1888815638, 913795389, 405498891, 855008859, 178315456, 933489374, 202526561, 995035147, 282744509, 179482113, 1061236911, 1981031240, 1629236799, 1144640226, 1467563029, 81021448, 2065363642, 1121231482, 383444418, 1750250200, 942097595, 384348693, 826623279, 637807030, 645889755, 556660519, 960597552, 1126191628, 2018748289, 585671408, 1517404080, 1131799244, 399325798, 1746783056, 1535498795, 1562521381, 227841705, 588330345, 1509222249, 1046911926, 317763978, 1450498113, 164363147, 183188734, 203185066, 163265168, 2037401390, 1762469700, 1829620806, 2017187728, 2137945297, 1144082618, 1668363203, 1195331837, 2044109287, 1825348535, 712949839, 730702074, 1706168959, 1637271447, 1117150241]
gen 3
max: 236
avg: 33.16
best individu: [1916106205, 225434914, 657174387, 351041485, 1529106511, 467323075, 247629165, 338060047, 273781191, 421465820, 1312518003, 1296650756, 89787093, 533345755, 1607942637, 1456984033, 1399889160, 263027406, 1787082422, 1164579931, 1820203519, 537568708, 1555154381, 333247011, 1336865217, 309270721, 1145965559, 1256445847, 370200572, 7977033, 248000732, 2059848156, 665953531, 1027037918, 1263919777, 277122792, 1774239679, 1171098421, 1740690761, 257218072, 1230269995, 359513412, 81061727, 435802692, 1327214772, 1192657089, 2094894138, 1888559391, 179422600, 738736977, 1550300309, 983151278, 765676457, 1869632371, 705709112, 1841607659, 1431347401, 1076157526, 1806906222, 1069464416, 1040052364, 1505776056, 2060889250, 215259496, 344887571, 1131891620, 1603088948, 1389996959, 1854035090, 1152155727, 885045917, 917406587, 1126102130, 1221205592, 1343307544]
gen 4
max: 236
avg: 39.3
best individu: [1916106205, 225434914, 657174387, 351041485, 1529106511, 467323075, 247629165, 338060047, 273781191, 421465820, 1312518003, 1296650756, 89787093, 533345755, 1607942637, 1456984033, 1399889160, 263027406, 1787082422, 1164579931, 1820203519, 537568708, 1555154381, 333247011, 1336865217, 309270721, 1145965559, 1256445847, 370200572, 7977033, 248000732, 2059848156, 665953531, 1027037918, 1263919777, 277122792, 1774239679, 1171098421, 1740690761, 257218072, 1230269995, 359513412, 81061727, 435802692, 1327214772, 1192657089, 2094894138, 1888559391, 179422600, 738736977, 1550300309, 983151278, 765676457, 1869632371, 705709112, 1841607659, 1431347401, 1076157526, 1806906222, 1069464416, 1040052364, 1505776056, 2060889250, 215259496, 344887571, 1131891620, 1603088948, 1389996959, 1854035090, 1152155727, 885045917, 917406587, 1126102130, 1221205592, 1343307544]
gen 5
max: 236
avg: 44.02
best individu: [1916106205, 225434914, 657174387, 351041485, 1529106511, 467323075, 247629165, 338060047, 273781191, 421465820, 1312518003, 1296650756, 89787093, 533345755, 1607942637, 1456984033, 1399889160, 263027406, 1787082422, 1164579931, 1820203519, 537568708, 1555154381, 333247011, 1336865217, 309270721, 1145965559, 1256445847, 370200572, 7977033, 248000732, 2059848156, 665953531, 1027037918, 1263919777, 277122792, 1774239679, 1171098421, 1740690761, 257218072, 1230269995, 359513412, 81061727, 435802692, 1327214772, 1192657089, 2094894138, 1888559391, 179422600, 738736977, 1550300309, 983151278, 765676457, 1869632371, 705709112, 1841607659, 1431347401, 1076157526, 1806906222, 1069464416, 1040052364, 1505776056, 2060889250, 215259496, 344887571, 1131891620, 1603088948, 1389996959, 1854035090, 1152155727, 885045917, 917406587, 1126102130, 1221205592, 1343307544]
gen 6
max: 236
avg: 44.78
best individu: [1916106205, 225434914, 657174387, 351041485, 1529106511, 467323075, 247629165, 338060047, 273781191, 421465820, 1312518003, 1296650756, 89787093, 533345755, 1607942637, 1456984033, 1399889160, 263027406, 1787082422, 1164579931, 1820203519, 537568708, 1555154381, 333247011, 1336865217, 309270721, 1145965559, 1256445847, 370200572, 7977033, 248000732, 2059848156, 665953531, 1027037918, 1263919777, 277122792, 1774239679, 1171098421, 1740690761, 257218072, 1230269995, 359513412, 81061727, 435802692, 1327214772, 1192657089, 2094894138, 1888559391, 179422600, 738736977, 1550300309, 983151278, 765676457, 1869632371, 705709112, 1841607659, 1431347401, 1076157526, 1806906222, 1069464416, 1040052364, 1505776056, 2060889250, 215259496, 344887571, 1131891620, 1603088948, 1389996959, 1854035090, 1152155727, 885045917, 917406587, 1126102130, 1221205592, 1343307544]
gen 7
max: 236
avg: 45.74
best individu: [1916106205, 225434914, 657174387, 351041485, 1529106511, 467323075, 247629165, 338060047, 273781191, 421465820, 1312518003, 1296650756, 89787093, 533345755, 1607942637, 1456984033, 1399889160, 263027406, 1787082422, 1164579931, 1820203519, 537568708, 1555154381, 333247011, 1336865217, 309270721, 1145965559, 1256445847, 370200572, 7977033, 248000732, 2059848156, 665953531, 1027037918, 1263919777, 277122792, 1774239679, 1171098421, 1740690761, 257218072, 1230269995, 359513412, 81061727, 435802692, 1327214772, 1192657089, 2094894138, 1888559391, 179422600, 738736977, 1550300309, 983151278, 765676457, 1869632371, 705709112, 1841607659, 1431347401, 1076157526, 1806906222, 1069464416, 1040052364, 1505776056, 2060889250, 215259496, 344887571, 1131891620, 1603088948, 1389996959, 1854035090, 1152155727, 885045917, 917406587, 1126102130, 1221205592, 1343307544]
