Params(1200, 30, 10, 0.05, 5, 3, 40)
gen 1
max: 43
avg: 25.833333333333332
best individu: [1082384628, 1621494799, 1768753309, 1581380489, 86237560, 771325793, 1144961350, 49516627, 262087372, 280294686, 970806275, 224683274, 1947197986, 1539705452, 1776661702, 471879186, 584926293, 945043074, 1307558270, 1652384229, 2005386407, 940151791, 1739825772, 432969144, 293452034, 1510555305, 1845141068, 208275625, 751529429, 991645687, 418292373, 1184217963, 973071082, 562304247, 930037281, 1054350550, 60065515, 1300243749, 1325859717, 145995063, 768251905, 1693890329, 2073512004, 376412503, 357902897, 968780608, 363778191, 1193578221, 555589143, 610522409, 158943600, 152206780, 1907176852, 331301139, 2040952139, 264671362, 589420034, 1864899939, 1429620094, 221074919, 440321255, 340539237, 508647573, 1252719587, 1677178676, 2064437414, 737147248, 360866182, 973436918, 717461937, 929150374, 302942192, 39917535, 1173980945, 167871517]
gen 2
max: 47
avg: 28.033333333333335
best individu: [1517192866, 1758514485, 223211949, 1025245576, 1565466191, 1159364327, 1170322190, 307307480, 370040055, 622249298, 1745404546, 1386472905, 134409934, 1159422612, 1683841295, 1712107662, 1498663286, 1204666581, 2124398501, 455713141, 559929751, 1878396118, 2106420669, 623211654, 478711552, 1138868259, 2101423145, 219502749, 682701250, 1078797618, 938289408, 962513879, 1323090018, 1184951185, 176194244, 205501995, 1965400521, 553344948, 351868962, 2127589463, 1578664953, 660497876, 1068226937, 1057326211, 1866443203, 470707885, 284522235, 412448844, 620857625, 625612414, 791995018, 1705854708, 808753654, 1176611600, 780071439, 2131031118, 736536643, 475679663, 363553075, 978825774, 1168332843, 1907396807, 626953945, 1984842596, 1248697426, 753968712, 1979420604, 1578912311, 1575547403, 1755138369, 354923364, 1764142539, 1601829469, 697951691, 241175452]
gen 3
max: 47
avg: 30.833333333333332
best individu: [1517192866, 1758514485, 223211949, 1025245576, 1565466191, 1159364327, 1170322190, 307307480, 370040055, 622249298, 1745404546, 1386472905, 134409934, 1159422612, 1683841295, 1712107662, 1498663286, 1204666581, 2124398501, 455713141, 559929751, 1878396118, 2106420669, 623211654, 478711552, 1138868259, 2101423145, 219502749, 682701250, 1078797618, 938289408, 962513879, 1323090018, 1184951185, 176194244, 205501995, 1965400521, 553344948, 351868962, 2127589463, 1578664953, 660497876, 1068226937, 1057326211, 1866443203, 470707885, 284522235, 412448844, 620857625, 625612414, 791995018, 1705854708, 808753654, 1176611600, 780071439, 2131031118, 736536643, 475679663, 363553075, 978825774, 1168332843, 1907396807, 626953945, 1984842596, 1248697426, 753968712, 1979420604, 1578912311, 1575547403, 1755138369, 354923364, 1764142539, 1601829469, 697951691, 241175452]
gen 4
max: 47
avg: 35.666666666666664
best individu: [1517192866, 1758514485, 223211949, 1025245576, 1565466191, 1159364327, 1170322190, 307307480, 370040055, 622249298, 1745404546, 1386472905, 134409934, 1159422612, 1683841295, 1712107662, 1498663286, 1204666581, 2124398501, 455713141, 559929751, 1878396118, 2106420669, 623211654, 478711552, 1138868259, 2101423145, 219502749, 682701250, 1078797618, 938289408, 962513879, 1323090018, 1184951185, 176194244, 205501995, 1965400521, 553344948, 351868962, 2127589463, 1578664953, 660497876, 1068226937, 1057326211, 1866443203, 470707885, 284522235, 412448844, 620857625, 625612414, 791995018, 1705854708, 808753654, 1176611600, 780071439, 2131031118, 736536643, 475679663, 363553075, 978825774, 1168332843, 1907396807, 626953945, 1984842596, 1248697426, 753968712, 1979420604, 1578912311, 1575547403, 1755138369, 354923364, 1764142539, 1601829469, 697951691, 241175452]
gen 5
max: 47
avg: 37.0
best individu: [1517192866, 1758514485, 223211949, 1025245576, 1565466191, 1159364327, 1170322190, 307307480, 370040055, 622249298, 1745404546, 1386472905, 134409934, 1159422612, 1683841295, 1712107662, 1498663286, 1204666581, 2124398501, 455713141, 559929751, 1878396118, 2106420669, 623211654, 478711552, 1138868259, 2101423145, 219502749, 682701250, 1078797618, 938289408, 962513879, 1323090018, 1184951185, 176194244, 205501995, 1965400521, 553344948, 351868962, 2127589463, 1578664953, 660497876, 1068226937, 1057326211, 1866443203, 470707885, 284522235, 412448844, 620857625, 625612414, 791995018, 1705854708, 808753654, 1176611600, 780071439, 2131031118, 736536643, 475679663, 363553075, 978825774, 1168332843, 1907396807, 626953945, 1984842596, 1248697426, 753968712, 1979420604, 1578912311, 1575547403, 1755138369, 354923364, 1764142539, 1601829469, 697951691, 241175452]
gen 6
max: 47
avg: 38.733333333333334
best individu: [1517192866, 1758514485, 223211949, 1025245576, 1565466191, 1159364327, 1170322190, 307307480, 370040055, 622249298, 1745404546, 1386472905, 134409934, 1159422612, 1683841295, 1712107662, 1498663286, 1204666581, 2124398501, 455713141, 559929751, 1878396118, 2106420669, 623211654, 478711552, 1138868259, 2101423145, 219502749, 682701250, 1078797618, 938289408, 962513879, 1323090018, 1184951185, 176194244, 205501995, 1965400521, 553344948, 351868962, 2127589463, 1578664953, 660497876, 1068226937, 1057326211, 1866443203, 470707885, 284522235, 412448844, 620857625, 625612414, 791995018, 1705854708, 808753654, 1176611600, 780071439, 2131031118, 736536643, 475679663, 363553075, 978825774, 1168332843, 1907396807, 626953945, 1984842596, 1248697426, 753968712, 1979420604, 1578912311, 1575547403, 1755138369, 354923364, 1764142539, 1601829469, 697951691, 241175452]
gen 7
max: 49
avg: 40.0
best individu: [1539211938, 2043989396, 72218555, 2099151273, 1595873878, 85688293, 1286840900, 1802215902, 340157671, 1975829528, 2013823952, 1118465499, 436268168, 1377068708, 626863135, 579637391, 1258541166, 1676536517, 2128605877, 456892785, 827281679, 1205231791, 804908475, 557274503, 379448600, 1205981349, 2109766959, 219503807, 190909827, 549959086, 934258960, 419759061, 1559783587, 1868626513, 2143584968, 607843873, 891920842, 704318028, 561584374, 1846639680, 2098238969, 773104974, 938056029, 2099629267, 1866328331, 1410035308, 281372345, 1502968000, 622052232, 227477053, 2218009246, 400963252, 808749556, 1716644374, 641529511, 1326741195, 1676058243, 947024686, 2007656993, 442447474, 1419989499, 2023068847, 609652463, 1921961573, 1782950970, 1693263552, 401091480, 1582059063, 2104261163, 1859979701, 623362373, 1127411194, 633296093, 704373698, 111189912]
gen 8
max: 49
avg: 41.0
best individu: [1539211938, 2043989396, 72218555, 2099151273, 1595873878, 85688293, 1286840900, 1802215902, 340157671, 1975829528, 2013823952, 1118465499, 436268168, 1377068708, 626863135, 579637391, 1258541166, 1676536517, 2128605877, 456892785, 827281679, 1205231791, 804908475, 557274503, 379448600, 1205981349, 2109766959, 219503807, 190909827, 549959086, 934258960, 419759061, 1559783587, 1868626513, 2143584968, 607843873, 891920842, 704318028, 561584374, 1846639680, 2098238969, 773104974, 938056029, 2099629267, 1866328331, 1410035308, 281372345, 1502968000, 622052232, 227477053, 2218009246, 400963252, 808749556, 1716644374, 641529511, 1326741195, 1676058243, 947024686, 2007656993, 442447474, 1419989499, 2023068847, 609652463, 1921961573, 1782950970, 1693263552, 401091480, 1582059063, 2104261163, 1859979701, 623362373, 1127411194, 633296093, 704373698, 111189912]
gen 9
max: 245
avg: 48.06666666666667
best individu: [1532937859, 2086243768, 203253439, 211595620, 886771278, 52419565, 1556810376, 575225178, 370359458, 1867964506, 2013840194, 851076513, 134538300, 1184785877, 1819877403, 1930449327, 34593138, 1122798161, 1155920741, 321093713, 550295902, 1878296805, 1433644432, 624393380, 517844825, 1206116421, 1971390510, 219511516, 1217469647, 1073849648, 937754672, 692899327, 1325163025, 1457634513, 1510081164, 413054515, 2100149849, 905660248, 406477862, 1951420434, 1389555953, 121269596, 1740363805, 1965507729, 1744676942, 1946332840, 1411460633, 1375074937, 84058242, 1918579309, 661963402, 1609851632, 561291766, 1987443226, 610858987, 1132781038, 815193812, 874121599, 1470848887, 1550564523, 412171697, 2015278213, 1012837017, 617860724, 1113906194, 921735147, 351838876, 1817725951, 231504491, 1356680932, 85828652, 119637720, 1744793677, 1506763706, 241962520]