Params(1200, 30, 10, 0.05, 3, 3, 40)
gen 1
max: 232
avg: 33.13333333333333
best individu: [283500173, 553996438, 1692852793, 2122587301, 771835723, 525472323, 1210580162, 1488439558, 1662345572, 1507624541, 1010348534, 276363032, 1603640499, 1626490623, 1376489597, 1097997748, 2083286419, 1047730726, 1732149487, 1071318968, 1831287003, 1550941418, 1251362549, 1123375643, 47742478, 1489200063, 366637316, 1527067329, 1758011034, 2094798804, 1150769713, 1075606915, 2059791707, 955759541, 1699085446, 1522686668, 271478657, 44236534, 1976398191, 1646659516, 1864816194, 186601974, 839538392, 1153894749, 540540626, 406881349, 231204439, 680024307, 1905720194, 1973840264, 1679352366, 987976967, 1291667305, 176752498, 441108979, 1882331069, 848766183, 40899150, 698961556, 1304230407, 340199153, 1052783025, 586527003, 682097239, 1131497939, 2060938942, 909115533, 223892387, 1431150996, 966149170, 1728577728, 1203346789, 34351535, 933341417, 1205168443]
gen 2
max: 232
avg: 36.0
best individu: [283500173, 553996438, 1692852793, 2122587301, 771835723, 525472323, 1210580162, 1488439558, 1662345572, 1507624541, 1010348534, 276363032, 1603640499, 1626490623, 1376489597, 1097997748, 2083286419, 1047730726, 1732149487, 1071318968, 1831287003, 1550941418, 1251362549, 1123375643, 47742478, 1489200063, 366637316, 1527067329, 1758011034, 2094798804, 1150769713, 1075606915, 2059791707, 955759541, 1699085446, 1522686668, 271478657, 44236534, 1976398191, 1646659516, 1864816194, 186601974, 839538392, 1153894749, 540540626, 406881349, 231204439, 680024307, 1905720194, 1973840264, 1679352366, 987976967, 1291667305, 176752498, 441108979, 1882331069, 848766183, 40899150, 698961556, 1304230407, 340199153, 1052783025, 586527003, 682097239, 1131497939, 2060938942, 909115533, 223892387, 1431150996, 966149170, 1728577728, 1203346789, 34351535, 933341417, 1205168443]
gen 3
max: 232
avg: 38.5
best individu: [283500173, 553996438, 1692852793, 2122587301, 771835723, 525472323, 1210580162, 1488439558, 1662345572, 1507624541, 1010348534, 276363032, 1603640499, 1626490623, 1376489597, 1097997748, 2083286419, 1047730726, 1732149487, 1071318968, 1831287003, 1550941418, 1251362549, 1123375643, 47742478, 1489200063, 366637316, 1527067329, 1758011034, 2094798804, 1150769713, 1075606915, 2059791707, 955759541, 1699085446, 1522686668, 271478657, 44236534, 1976398191, 1646659516, 1864816194, 186601974, 839538392, 1153894749, 540540626, 406881349, 231204439, 680024307, 1905720194, 1973840264, 1679352366, 987976967, 1291667305, 176752498, 441108979, 1882331069, 848766183, 40899150, 698961556, 1304230407, 340199153, 1052783025, 586527003, 682097239, 1131497939, 2060938942, 909115533, 223892387, 1431150996, 966149170, 1728577728, 1203346789, 34351535, 933341417, 1205168443]
gen 4
max: 232
avg: 40.93333333333333
best individu: [283500173, 553996438, 1692852793, 2122587301, 771835723, 525472323, 1210580162, 1488439558, 1662345572, 1507624541, 1010348534, 276363032, 1603640499, 1626490623, 1376489597, 1097997748, 2083286419, 1047730726, 1732149487, 1071318968, 1831287003, 1550941418, 1251362549, 1123375643, 47742478, 1489200063, 366637316, 1527067329, 1758011034, 2094798804, 1150769713, 1075606915, 2059791707, 955759541, 1699085446, 1522686668, 271478657, 44236534, 1976398191, 1646659516, 1864816194, 186601974, 839538392, 1153894749, 540540626, 406881349, 231204439, 680024307, 1905720194, 1973840264, 1679352366, 987976967, 1291667305, 176752498, 441108979, 1882331069, 848766183, 40899150, 698961556, 1304230407, 340199153, 1052783025, 586527003, 682097239, 1131497939, 2060938942, 909115533, 223892387, 1431150996, 966149170, 1728577728, 1203346789, 34351535, 933341417, 1205168443]
gen 5
max: 249
avg: 49.1
best individu: [1339625527, 41891260, 1398573411, 335873558, 1288521248, 1901284885, 360509836, 1448236720, 1827793385, 1790276502, 978021942, 659187437, 1528905981, 921348899, 2139871026, 112916797, 110789286, 2119488342, 407299979, 208066829, 999343511, 1324289651, 1712197496, 1891644642, 169679088, 1631288701, 1797972641, 2007439867, 1255473756, 1437907814, 914340334, 190334054, 380983439, 616731318, 72812088, 1380345949, 1191839220, 1423370633, 854298254, 1745182563, 542273996, 1538068569, 1619414245, 472202167, 324653128, 1720732019, 1664645914, 566391860, 2141123386, 1598739682, 1120604862, 1989281961, 1986649453, 1832641287, 1755504289, 1752283309, 21539006, 1357080632, 1746440573, 666499063, 2058919552, 902194135, 367120591, 1897728416, 1818876444, 875514563, 1942340437, 1111579806, 1208108446, 1727566791, 1945012750, 1227072814, 2005989073, 1942517553, 388139874]
gen 6
max: 249
avg: 50.333333333333336
best individu: [1339625527, 41891260, 1398573411, 335873558, 1288521248, 1901284885, 360509836, 1448236720, 1827793385, 1790276502, 978021942, 659187437, 1528905981, 921348899, 2139871026, 112916797, 110789286, 2119488342, 407299979, 208066829, 999343511, 1324289651, 1712197496, 1891644642, 169679088, 1631288701, 1797972641, 2007439867, 1255473756, 1437907814, 914340334, 190334054, 380983439, 616731318, 72812088, 1380345949, 1191839220, 1423370633, 854298254, 1745182563, 542273996, 1538068569, 1619414245, 472202167, 324653128, 1720732019, 1664645914, 566391860, 2141123386, 1598739682, 1120604862, 1989281961, 1986649453, 1832641287, 1755504289, 1752283309, 21539006, 1357080632, 1746440573, 666499063, 2058919552, 902194135, 367120591, 1897728416, 1818876444, 875514563, 1942340437, 1111579806, 1208108446, 1727566791, 1945012750, 1227072814, 2005989073, 1942517553, 388139874]
gen 7
max: 249
avg: 57.766666666666666
best individu: [1339625527, 41891260, 1398573411, 335873558, 1288521248, 1901284885, 360509836, 1448236720, 1827793385, 1790276502, 978021942, 659187437, 1528905981, 921348899, 2139871026, 112916797, 110789286, 2119488342, 407299979, 208066829, 999343511, 1324289651, 1712197496, 1891644642, 169679088, 1631288701, 1797972641, 2007439867, 1255473756, 1437907814, 914340334, 190334054, 380983439, 616731318, 72812088, 1380345949, 1191839220, 1423370633, 854298254, 1745182563, 542273996, 1538068569, 1619414245, 472202167, 324653128, 1720732019, 1664645914, 566391860, 2141123386, 1598739682, 1120604862, 1989281961, 1986649453, 1832641287, 1755504289, 1752283309, 21539006, 1357080632, 1746440573, 666499063, 2058919552, 902194135, 367120591, 1897728416, 1818876444, 875514563, 1942340437, 1111579806, 1208108446, 1727566791, 1945012750, 1227072814, 2005989073, 1942517553, 388139874]
gen 8
max: 249
avg: 60.03333333333333
best individu: [1339625527, 41891260, 1398573411, 335873558, 1288521248, 1901284885, 360509836, 1448236720, 1827793385, 1790276502, 978021942, 659187437, 1528905981, 921348899, 2139871026, 112916797, 110789286, 2119488342, 407299979, 208066829, 999343511, 1324289651, 1712197496, 1891644642, 169679088, 1631288701, 1797972641, 2007439867, 1255473756, 1437907814, 914340334, 190334054, 380983439, 616731318, 72812088, 1380345949, 1191839220, 1423370633, 854298254, 1745182563, 542273996, 1538068569, 1619414245, 472202167, 324653128, 1720732019, 1664645914, 566391860, 2141123386, 1598739682, 1120604862, 1989281961, 1986649453, 1832641287, 1755504289, 1752283309, 21539006, 1357080632, 1746440573, 666499063, 2058919552, 902194135, 367120591, 1897728416, 1818876444, 875514563, 1942340437, 1111579806, 1208108446, 1727566791, 1945012750, 1227072814, 2005989073, 1942517553, 388139874]
gen 9
max: 249
avg: 60.56666666666667
best individu: [1339625527, 41891260, 1398573411, 335873558, 1288521248, 1901284885, 360509836, 1448236720, 1827793385, 1790276502, 978021942, 659187437, 1528905981, 921348899, 2139871026, 112916797, 110789286, 2119488342, 407299979, 208066829, 999343511, 1324289651, 1712197496, 1891644642, 169679088, 1631288701, 1797972641, 2007439867, 1255473756, 1437907814, 914340334, 190334054, 380983439, 616731318, 72812088, 1380345949, 1191839220, 1423370633, 854298254, 1745182563, 542273996, 1538068569, 1619414245, 472202167, 324653128, 1720732019, 1664645914, 566391860, 2141123386, 1598739682, 1120604862, 1989281961, 1986649453, 1832641287, 1755504289, 1752283309, 21539006, 1357080632, 1746440573, 666499063, 2058919552, 902194135, 367120591, 1897728416, 1818876444, 875514563, 1942340437, 1111579806, 1208108446, 1727566791, 1945012750, 1227072814, 2005989073, 1942517553, 388139874]