Params(1200, 30, 50, 0.05, 3, 3, 40)
gen 1
max: 240
avg: 51.63333333333333
best individu: [1831531044, 1546990155, 511031356, 2133253309, 2654852, 1247999543, 647166657, 506386451, 2138538282, 916528029, 1692848014, 624018296, 1670658198, 2010451206, 1371785869, 1846483885, 1258503752, 1208834635, 1221860528, 515872716, 789623948, 2142192999, 671692777, 591778134, 1325079750, 1759191580, 1387503370, 838586965, 798312685, 1340995694, 1616587628, 115776990, 972918999, 2145842220, 490235835, 2139981883, 333016618, 488246790, 395108955, 1190413711, 1225867688, 77279829, 1504979594, 910798334, 1049423932, 2062681601, 1304796271, 450850344, 1421866510, 1013842564, 1709668799, 201354911, 1367638179, 1377054589, 1532847005, 1732361024, 718056244, 1426663253, 1115856164, 234096163, 944954385, 2033320696, 131171373, 485306259, 813181092, 130225223, 668193945, 1193779322, 1230677103, 387408161, 377669161, 1994174361, 1148403982, 336188027, 2117769794]
gen 2
max: 240
avg: 102.26666666666667
best individu: [1831531044, 1546990155, 511031356, 2133253309, 2654852, 1247999543, 647166657, 506386451, 2138538282, 916528029, 1692848014, 624018296, 1670658198, 2010451206, 1371785869, 1846483885, 1258503752, 1208834635, 1221860528, 515872716, 789623948, 2142192999, 671692777, 591778134, 1325079750, 1759191580, 1387503370, 838586965, 798312685, 1340995694, 1616587628, 115776990, 972918999, 2145842220, 490235835, 2139981883, 333016618, 488246790, 395108955, 1190413711, 1225867688, 77279829, 1504979594, 910798334, 1049423932, 2062681601, 1304796271, 450850344, 1421866510, 1013842564, 1709668799, 201354911, 1367638179, 1377054589, 1532847005, 1732361024, 718056244, 1426663253, 1115856164, 234096163, 944954385, 2033320696, 131171373, 485306259, 813181092, 130225223, 668193945, 1193779322, 1230677103, 387408161, 377669161, 1994174361, 1148403982, 336188027, 2117769794]
gen 3
max: 248
avg: 238.66666666666666
best individu: [2087383846, 1502949982, 519407932, 950508735, 335579653, 40400664, 646116041, 1513093779, 2096621992, 112278409, 1415638462, 691126910, 1670133975, 1473333255, 1495502725, 1717390220, 1260862984, 1210272459, 1220815920, 444561292, 989916392, 2058307407, 671692653, 593350964, 1291549764, 1222320508, 314039558, 1929106116, 528892133, 1327358182, 1750678393, 318692253, 452268764, 1072165933, 471492475, 2005772861, 1409249130, 427296258, 386462426, 45401503, 1627996585, 1184445015, 1562798603, 907640524, 1854721117, 1575552849, 1457360959, 788885256, 1354757642, 761929964, 1169055401, 201371295, 1369739302, 370949757, 1801412953, 1598667600, 694947637, 2030677301, 1309858916, 16418881, 139632176, 1500515064, 567397485, 485435185, 1047568676, 516101191, 613597336, 1864888586, 1518007679, 423092784, 348688041, 1826405785, 1304654686, 336458299, 1849220674]
gen 4
max: 249
avg: 240.76666666666668
best individu: [1831530788, 1496658510, 519419964, 1051122879, 270567940, 1113617980, 647164609, 1513085587, 2146926888, 129047449, 1147465102, 691126910, 1672755351, 1473317895, 1497616005, 1851595660, 1258503688, 1210276555, 1220807856, 515848076, 1058075880, 2075084143, 671692777, 592302390, 1325087942, 1759191068, 314023182, 1945883204, 1066879213, 1330510062, 1616456573, 115777437, 452792542, 1072165933, 488269691, 2005772349, 1407020586, 488244742, 386462426, 116704671, 1091649960, 1151021655, 1505110539, 907653116, 2123155518, 1525679633, 1304795199, 798977800, 1421866506, 762192620, 1710194095, 201354911, 1369735335, 1444686972, 1532846877, 1329707840, 726413108, 1963536213, 1242750052, 234226755, 944938000, 1500644088, 567395373, 485437361, 947429412, 264442951, 617857176, 1193799770, 1165682047, 320332065, 382373545, 2094841241, 1279488782, 336196155, 1849204290]
gen 5
max: 249
avg: 240.76666666666668
best individu: [1831530788, 1496658510, 519419964, 1051122879, 270567940, 1113617980, 647164609, 1513085587, 2146926888, 129047449, 1147465102, 691126910, 1672755351, 1473317895, 1497616005, 1851595660, 1258503688, 1210276555, 1220807856, 515848076, 1058075880, 2075084143, 671692777, 592302390, 1325087942, 1759191068, 314023182, 1945883204, 1066879213, 1330510062, 1616456573, 115777437, 452792542, 1072165933, 488269691, 2005772349, 1407020586, 488244742, 386462426, 116704671, 1091649960, 1151021655, 1505110539, 907653116, 2123155518, 1525679633, 1304795199, 798977800, 1421866506, 762192620, 1710194095, 201354911, 1369735335, 1444686972, 1532846877, 1329707840, 726413108, 1963536213, 1242750052, 234226755, 944938000, 1500644088, 567395373, 485437361, 947429412, 264442951, 617857176, 1193799770, 1165682047, 320332065, 382373545, 2094841241, 1279488782, 336196155, 1849204290]
gen 6
max: 249
avg: 241.3
best individu: [1831530788, 1496658510, 519419964, 1051122879, 270567940, 1113617980, 647164609, 1513085587, 2146926888, 129047449, 1147465102, 691126910, 1672755351, 1473317895, 1497616005, 1851595660, 1258503688, 1210276555, 1220807856, 515848076, 1058075880, 2075084143, 671692777, 592302390, 1325087942, 1759191068, 314023182, 1945883204, 1066879213, 1330510062, 1616456573, 115777437, 452792542, 1072165933, 488269691, 2005772349, 1407020586, 488244742, 386462426, 116704671, 1091649960, 1151021655, 1505110539, 907653116, 2123155518, 1525679633, 1304795199, 798977800, 1421866506, 762192620, 1710194095, 201354911, 1369735335, 1444686972, 1532846877, 1329707840, 726413108, 1963536213, 1242750052, 234226755, 944938000, 1500644088, 567395373, 485437361, 947429412, 264442951, 617857176, 1193799770, 1165682047, 320332065, 382373545, 2094841241, 1279488782, 336196155, 1849204290]
